Date,Open,High,Low,Close,Volume_(BTC),Volume_(Currency),Weighted_Price
20141201,300.0,370.0,300.0,370.0,0.0254029391357,9.36680925216,366.772151899
20141202,370.0,378.0,370.0,378.0,1.71751641827,649.170027261,375.937445747
20141203,378.0,378.0,377.010009766,378.0,0.0436898962025,16.5031512552,377.882702467
20141204,378.0,378.0,377.100006104,377.100006104,0.00999999977648,3.77991815264,377.991818237
20141208,375.010009766,375.010009766,375.0,375.0,0.234999999404,88.1250991821,375.000427246
20141210,398.0,398.0,360.5,360.5,0.00999999977648,3.79250001907,379.25
20141212,379.0,379.0,350.0,350.0,0.261176474502,93.1052282277,366.046950396
20141218,345.0,345.0,340.0,340.0,2.0,685.0,342.5
20150108,360.0,360.0,264.809997559,288.989990234,0.0151760560054,4.44533631227,291.663852047
20150113,260.0,260.0,260.0,260.0,1.0,260.0,260.0
20150114,260.0,260.0,109.870002747,120.0,0.0300277819087,5.15308942836,176.135099623
20150115,170.0,224.0,120.0,204.220001221,0.158503245971,29.6489245353,162.525332917
20150116,204.220001221,225.5,189.0,199.460006714,0.0127291663847,2.49375408192,193.403607538
20150120,225.509994507,225.509994507,208.0,218.0,0.00999999977648,2.21663847119,221.663843049
20150121,218.0,225.509994507,218.0,225.509994507,0.00523465093154,1.17143570888,223.859599506
20150122,225.509994507,257.730010986,216.589996338,226.320007324,0.0157010451218,3.66422967099,229.752529176
20150123,226.320007324,235.0,215.0,235.0,0.0166111596705,3.81826354845,226.780866538
20150126,254.529998779,322.720001221,241.429992676,274.480010986,8.16766155911,2335.80445617,280.859665161
20150127,274.5,278.470001221,244.029998779,263.649993896,1.69227315165,442.793269292,260.556415484
20150128,263.670013428,265.989990234,228.5,235.289993286,4.67488207369,1160.84240632,252.994333998
20150129,235.86000061,242.0,221.13999939,235.600006104,5.52771856028,1289.47481039,233.599845219
20150130,235.029998779,244.589996338,227.88999939,229.679992676,5.18531736653,1212.91947824,234.267632029
20150202,228.63999939,240.100006104,220.88999939,237.830001831,6.52791358603,1488.07388195,227.00648276
20150203,237.830001831,243.899993896,225.320007324,228.580001831,6.74882865608,1598.86592953,236.936001767
20150204,228.899993896,230.990005493,221.5,227.080001831,6.73401771661,1522.71924115,226.051185131
20150205,227.080001831,228.899993896,215.0,216.729995728,6.01152769716,1331.18110621,223.381293021
20150206,216.729995728,226.63999939,216.029998779,222.699996948,4.17366864,923.803444714,220.888425488
20150209,224.0,225.0,216.449996948,221.300003052,4.87294008737,1077.55487175,221.713428317
20150210,221.300003052,222.0,215.0,220.869995117,4.81826143429,1055.28939801,218.880292892
20150211,220.869995117,223.61000061,217.460006714,219.619995117,6.50960744025,1440.56673154,221.506775114
20150212,219.619995117,224.61000061,218.0,223.0,5.61936051832,1240.9883495,220.408156617
20150213,222.410003662,242.36000061,221.550003052,236.990005493,10.7690513557,2522.11718599,232.908950085
20150217,234.5,248.0,233.0,244.979995728,11.785389188,2837.94578861,239.052216668
20150218,244.899993896,246.0,231.929992676,237.25,9.05290860011,2168.38514494,240.671816921
20150219,237.479995728,245.0,235.580001831,241.699996948,6.77012133391,1622.22693069,238.814373906
20150220,241.699996948,248.320007324,239.990005493,245.179992676,8.00508374595,1954.99664023,244.412222481
20150223,236.88999939,240.970001221,232.0,239.220001221,7.10144053721,1686.93480503,237.36151247
20150224,239.339996338,241.910003662,235.509994507,239.990005493,6.34368160149,1518.0147064,239.173116917
20150225,239.970001221,241.0,235.100006104,238.220001221,5.73328172653,1367.95845786,238.618615511
20150226,238.259994507,238.470001221,234.330001831,237.229995728,6.08260140288,1441.69648054,237.105244721
20150227,237.220001221,259.0,236.289993286,254.5,14.4772570526,3644.84437621,250.986787181
20150302,260.130004883,279.799987793,256.600006104,276.700012207,12.796807351,3406.48802524,263.612160852
20150303,276.690002441,289.5,267.070007324,283.260009766,13.1303775439,3643.37708517,276.615521685
20150304,283.149993896,287.0,267.390014648,273.380004883,10.4087496213,2905.67035373,280.039879163
20150305,273.359985352,281.089996338,262.489990234,276.850006104,8.23397817485,2234.77819227,271.037150362
20150306,276.239990234,280.0,269.119995117,273.25,7.14777754438,1959.05011635,273.865371577
20150309,275.489990234,294.420013428,275.0,290.25,9.68959540846,2761.32855987,282.541682731
20150310,290.179992676,299.480010986,289.820007324,293.130004883,11.3063886161,3341.49231885,295.022301186
20150311,293.059997559,297.799987793,290.510009766,296.989990234,6.94560589729,2046.7960821,294.729955334
20150312,296.980010986,298.899993896,291.869995117,295.899993896,6.78542400107,2005.85088153,295.165935601
20150313,295.899993896,296.429992676,284.859985352,285.890014648,8.44247618717,2454.56582184,291.395815637
20150316,287.989990234,294.989990234,287.410003662,292.5,6.38198795262,1867.26958968,292.6753319
20150317,292.5,293.690002441,284.010009766,286.739990234,5.61703940546,1628.75482756,290.690511576
20150318,286.920013428,287.0,250.0,258.790008545,13.1076446525,3531.72233979,275.704656484
20150319,258.690002441,266.799987793,249.199996948,263.149993896,11.6655733879,3022.88598946,259.81978427
20150320,262.950012207,267.420013428,259.309997559,263.459991455,5.45397740328,1436.2456361,263.204169803
20150323,269.209991455,273.989990234,260.809997559,267.510009766,9.68698390952,2593.37852281,268.820056407
20150324,267.519989014,268.510009766,244.86000061,246.009994507,12.478782461,3145.16322562,257.727110767
20150325,246.070007324,249.990005493,234.509994507,246.699996948,8.42680761696,2067.39298761,245.945002609
20150326,246.720001221,254.899993896,244.919998169,249.669998169,7.77507670728,1949.14180657,250.012812795
20150327,249.720001221,250.990005493,246.440002441,247.75,6.00302585,1493.55675552,248.820585887
20150330,243.679992676,250.059997559,237.940002441,248.779998779,8.17178859267,2010.35583049,246.283908325
20150331,248.779998779,249.979995728,242.869995117,245.410003662,5.89045794649,1450.03866496,246.558291086
20150401,245.490005493,248.220001221,241.070007324,247.309997559,7.05387376837,1728.25632278,244.838748784
20150402,247.330001831,255.240005493,245.800003052,254.710006714,6.35330309727,1589.54746726,249.32788603
20150403,254.710006714,257.429992676,252.589996338,254.839996338,5.19489154218,1324.42411903,254.861992306
20150406,261.799987793,263.0,255.0,257.0,5.51653003651,1429.64227321,259.296894572
20150407,256.760009766,258.700012207,253.449996948,254.160003662,5.75277114823,1472.04994899,255.651183065
20150408,254.039993286,255.75,244.289993286,246.550003052,5.48031053087,1365.32577891,250.337095631
20150409,246.830001831,248.160003662,239.020004272,244.449996948,5.53374444668,1355.21008309,244.818794155
20150410,244.520004272,244.740005493,232.350006104,236.729995728,8.17503405025,1943.79624366,238.982220904
20150413,237.550003052,238.0,220.770004272,225.850006104,8.76518435959,2023.60063538,233.857737986
20150414,225.720001221,226.899993896,216.919998169,221.179992676,8.58229188914,1898.88338815,221.61406054
20150415,221.169998169,224.520004272,218.089996338,224.399993896,6.29071765589,1397.10962607,222.268721411
20150416,224.36000061,230.75,223.660003662,229.589996338,6.05086163065,1379.97841805,227.775677787
20150417,229.300003052,230.080001831,220.460006714,223.649993896,5.37541145412,1209.73072679,224.974874549
20150420,224.050003052,227.449996948,223.449996948,225.36000061,5.53068176107,1245.22372176,225.062504747
20150421,225.36000061,235.88999939,224.009994507,235.820007324,7.07761917947,1615.22050398,227.163264624
20150422,235.820007324,238.600006104,232.779998779,233.929992676,5.32034595528,1255.03413958,236.030875746
20150423,233.970001221,236.539993286,232.789993286,236.479995728,4.75285625858,1116.43241004,234.894828627
20150424,236.460006714,236.929992676,230.119995117,231.550003052,4.75502222915,1106.13099745,232.436426894
20150427,221.130004883,231.11000061,218.779998779,227.979995728,8.63641087028,1925.30087754,222.162808779
20150428,227.380004883,229.039993286,220.460006714,225.619995117,4.89945774611,1103.61829422,225.422031286
20150429,225.63999939,227.300003052,220.199996948,225.869995117,5.12970336313,1154.96877068,225.016998959
20150430,225.729995728,240.0,225.100006104,236.809997559,8.23711803481,1916.08158571,231.777420902
20150501,236.809997559,238.779998779,233.009994507,233.100006104,7.13943902602,1683.2451806,235.933535936
20150504,240.88999939,243.990005493,238.059997559,239.740005493,6.61637651107,1591.70604662,240.589662033
20150505,239.729995728,240.0,232.0,236.759994507,6.91715209785,1631.3261283,235.912581454
20150506,236.770004272,237.869995117,228.380004883,229.88999939,5.77529908789,1353.51519352,234.948165512
20150507,229.910003662,239.179992676,228.669998169,237.630004883,6.47999181966,1512.76371152,232.527105151
20150508,237.630004883,247.059997559,236.350006104,244.419998169,6.11417709039,1482.91326873,240.310053147
20150511,241.570007324,245.490005493,239.5,242.86000061,5.50259787586,1333.8676043,242.135699558
20150512,242.75,243.399993896,240.369995117,242.419998169,4.82024692751,1167.27997054,242.167230415
20150513,242.210006714,244.130004883,235.539993286,237.0,8.02683072871,1941.41315954,242.769094287
20150514,237.020004272,240.0,232.61000061,237.440002441,7.39031280856,1755.17780598,237.275514666
20150515,237.38999939,239.0,236.88999939,237.960006714,6.61986870298,1574.5280698,237.901684062
20150518,237.279998779,237.88999939,231.660003662,234.039993286,5.29264906415,1249.47233737,236.484209453
20150519,234.0,234.919998169,231.529998779,232.589996338,5.16861742458,1205.90254393,233.461567254
20150520,232.580001831,235.0,232.539993286,234.550003052,5.12320917589,1198.45200055,233.882747184
20150521,234.539993286,236.740005493,234.160003662,235.63999939,4.62894593696,1090.39703162,235.546121375
20150522,235.759994507,242.0,235.11000061,239.779998779,5.58144031335,1332.74437497,237.629292128
20150526,237.429992676,238.339996338,235.809997559,236.759994507,4.74384138542,1126.83973494,237.562842984
20150527,236.759994507,238.75,236.470001221,237.36000061,4.8850014771,1160.30734294,237.661475478
20150528,237.36000061,238.479995728,236.229995728,237.429992676,4.52604572336,1074.08862177,237.342129093
20150529,237.339996338,237.679992676,235.009994507,236.910003662,4.57186737168,1082.57837213,236.811295933
20150601,230.179992676,230.990005493,221.580001831,223.559997559,7.27217094884,1645.55065737,227.465848266
20150602,223.460006714,226.679992676,221.839996338,225.850006104,6.49581807684,1460.04465559,224.540232521
20150603,225.830001831,227.449996948,223.820007324,226.039993286,5.00133671782,1130.44459707,225.98110643
20150604,225.880004883,226.070007324,223.559997559,224.539993286,4.46722305468,1005.9395371,225.297852845
20150605,224.550003052,226.740005493,223.009994507,224.970001221,4.89223465993,1100.67511675,224.782251623
20150608,223.88999939,230.160003662,223.630004883,229.149993896,5.0869142109,1155.46254129,226.348092694
20150609,229.089996338,232.059997559,228.309997559,229.350006104,4.7379557791,1089.88301092,229.927727996
20150610,229.339996338,230.449996948,227.979995728,228.800003052,4.37197937938,1001.47071111,229.122621293
20150611,228.800003052,230.919998169,228.699996948,229.690002441,4.07298373774,935.53957198,229.719096078
20150612,229.690002441,231.320007324,229.009994507,229.570007324,4.56964496799,1051.20974156,230.015242842
20150615,233.600006104,238.5,233.600006104,237.0,4.40462712688,1041.1816025,235.800453811
20150616,237.0,253.259994507,236.009994507,251.75,7.34170218378,1794.59525276,242.227968449
20150617,251.759994507,259.459991455,247.0,250.25,7.0204191217,1768.89916087,251.700166395
20150618,250.190002441,253.289993286,243.509994507,249.279998779,5.89420182407,1470.67156799,249.213505989
20150619,249.270004272,251.050003052,245.039993286,246.440002441,4.43804618846,1102.42230413,248.687984117
20150622,244.61000061,248.5,243.86000061,247.449996948,4.30902544865,1061.43790287,246.132564015
20150623,247.429992676,248.059997559,243.009994507,244.759994507,3.9882615611,977.979753671,245.307998456
20150624,244.570007324,244.919998169,239.509994507,240.169998169,3.95332906151,957.431337925,242.602414068
20150625,240.11000061,243.440002441,239.910003662,242.470001221,4.16917956397,1008.63664295,241.820848931
20150626,242.5,243.100006104,239.910003662,243.0,4.83252983582,1168.94717824,241.969883749
20150629,249.11000061,257.989990234,249.089996338,257.429992676,7.41980670918,1886.35063916,253.357486714
20150630,257.429992676,269.390014648,255.910003662,263.140014648,8.61117708842,2264.60572973,263.018208514
20150701,263.589996338,265.450012207,255.119995117,259.019989014,6.09719157659,1583.24120963,259.529853524
20150702,258.929992676,262.0,253.0,254.86000061,13.5079856338,3471.28131236,257.136424944
20150706,272.459991455,277.880004883,268.269989014,269.059997559,7.13580187356,1948.62504422,272.522838063
20150707,269.109985352,272.109985352,264.5,266.209991455,5.05707726202,1357.35591181,268.464082442
20150708,266.190002441,273.970001221,264.410003662,271.019989014,5.68386431684,1532.95170961,269.006746377
20150709,270.980010986,272.5,267.100006104,269.769989014,5.05871046351,1366.63963454,270.289021005
20150710,269.769989014,294.709991455,269.0,286.850006104,11.1680078984,3182.93338436,281.152702226
20150713,312.190002441,312.910003662,281.619995117,292.910003662,9.12219640078,2672.46932744,294.877885691
20150714,293.079986572,297.779998779,286.25,287.149993896,5.08847830704,1484.08537329,291.349337875
20150715,287.170013428,294.109985352,284.980010986,285.529998779,5.4499952212,1583.66137233,291.115842183
20150716,285.529998779,292.779998779,275.0,279.230010986,6.13741471671,1727.48213378,282.6524221
20150717,279.239990234,281.380004883,272.640014648,280.100006104,4.99931730419,1391.09877799,277.867258199
20150720,275.429992676,280.0,273.339996338,279.970001221,4.09587451125,1136.71044488,277.540411758
20150721,279.970001221,281.269989014,276.850006104,277.329986572,3.66443167499,1024.79118004,279.701785596
20150722,277.320007324,278.540008545,275.010009766,277.959991455,3.40396882116,942.738617647,276.967762926
20150723,277.959991455,279.75,276.279998779,277.420013428,3.81395595203,1058.74175158,277.634594938
20150724,277.390014648,291.519989014,276.429992676,289.200012207,5.27748821009,1502.34802512,283.386631817
20150727,293.890014648,297.0,287.239990234,294.220001221,4.80844545362,1404.32803787,291.582273632
20150728,294.209991455,298.0,293.649993896,295.869995117,4.1713694025,1234.1872533,295.885756959
20150729,295.899993896,296.579986572,289.010009766,290.420013428,3.82566959066,1117.83424526,292.040381114
20150730,290.269989014,291.559997559,286.559997559,288.470001221,3.82774803896,1104.87203737,288.597739877
20150731,288.480010986,290.0,282.790008545,284.970001221,4.17004107358,1191.86181084,285.75139921
20150803,282.600006104,285.859985352,280.269989014,280.950012207,3.58048280641,1014.80789567,283.130831379
20150804,280.950012207,286.470001221,280.109985352,285.609985352,4.02359447088,1143.98163354,284.486992815
20150805,285.510009766,286.25,282.010009766,282.619995117,4.49552167923,1275.31088066,283.689310922
20150806,282.700012207,282.769989014,278.950012207,279.239990234,3.75616790512,1052.69750047,280.327550697
20150807,279.640014648,281.170013428,277.049987793,280.089996338,3.84015320696,1073.42433673,279.4690119
20150810,267.799987793,268.890014648,263.170013428,265.160003662,3.99709125262,1061.75663034,265.863624806
20150811,265.149993896,271.989990234,264.910003662,271.989990234,4.37786653234,1168.12225238,266.76546544
20150812,271.989990234,272.399993896,265.790008545,267.320007324,4.62484173893,1245.09732462,269.127663655
20150813,266.920013428,267.820007324,262.940002441,264.600006104,4.01035209692,1063.75697077,265.125402917
20150814,264.670013428,267.980010986,262.5,266.230010986,4.92812302226,1310.75698223,265.76344969
20150817,259.200012207,261.570007324,255.580001831,257.309997559,5.04369399956,1304.2456368,258.563580396
20150818,257.309997559,258.040008545,200.0,221.990005493,8.12015745277,2002.88168108,254.129140133
20150819,221.990005493,238.990005493,214.770004272,227.529998779,9.76541545388,2255.77021559,232.669798183
20150820,227.410003662,238.199996948,227.339996338,235.559997559,6.32358222335,1478.11301298,233.680588531
20150821,235.559997559,236.990005493,231.149993896,232.800003052,5.94257144327,1392.80212709,234.497491105
20150824,229.25,229.289993286,210.0,211.190002441,11.6971487802,2558.4520821,220.90358287
20150825,211.169998169,229.490005493,198.020004272,223.86000061,13.8658976173,2957.965613,215.96033517
20150826,223.710006714,231.970001221,220.160003662,226.020004272,7.06544124065,1602.28082519,226.281228383
20150827,226.509994507,229.990005493,224.0,225.800003052,6.06088093458,1374.09570806,226.575233385
20150828,225.789993286,236.179992676,221.199996948,231.550003052,6.8087880656,1566.05786193,228.515963724
20150831,229.330001831,233.0,225.229995728,230.759994507,5.19283847736,1194.44273107,229.515267224
20150901,230.759994507,233.5,226.419998169,228.220001221,6.3466449245,1452.44354001,228.852884865
20150902,228.220001221,231.429992676,226.429992676,229.869995117,5.45615495599,1249.8065521,228.620830398
20150903,229.869995117,230.789993286,226.479995728,227.25,5.11326247933,1166.07526523,228.202660878
20150904,227.240005493,232.490005493,227.240005493,231.300003052,5.24333054846,1206.84295792,229.889427386
20150908,241.309997559,247.820007324,240.309997559,244.289993286,6.22263066162,1517.78443878,243.805408647
20150909,244.289993286,244.690002441,238.600006104,238.75,5.05935003006,1219.30175049,241.230520121
20150910,238.75,241.399993896,236.690002441,238.520004272,4.47117754047,1068.7308532,239.053075525
20150911,238.520004272,241.539993286,238.5,240.839996338,4.29732863657,1033.56285413,240.559414694
20150914,230.830001831,233.990005493,228.009994507,231.029998779,5.89311805065,1363.25421055,231.074623119
20150915,231.009994507,232.429992676,230.259994507,230.679992676,5.35180938599,1237.01634975,231.255291939
20150916,230.61000061,232.0,226.850006104,229.710006714,5.53013985007,1268.48273212,229.410615794
20150917,229.63999939,235.929992676,229.009994507,233.059997559,5.57224488279,1292.44818147,231.359220039
20150918,233.240005493,234.960006714,231.75,233.710006714,4.83703266486,1129.37488389,233.463204394
20150921,232.199996948,233.63999939,226.869995117,227.309997559,6.01735261209,1377.115144,228.968973425
20150922,227.309997559,232.5,224.449996948,231.309997559,6.8048537573,1564.37332246,229.718850803
20150923,231.279998779,233.0,229.270004272,230.259994507,4.80318615306,1109.98876818,231.116167132
20150924,230.259994507,235.990005493,230.089996338,235.270004272,7.22238288962,1681.81628836,232.754118019
20150925,235.380004883,237.619995117,234.020004272,235.919998169,4.80689124919,1134.46156033,235.995187177
20150928,233.529998779,240.520004272,233.529998779,240.169998169,6.17838233897,1473.41898844,238.135636054
20150929,240.11000061,241.050003052,236.649993896,236.899993896,5.05225154281,1206.27678672,238.750843186
20150930,236.910003662,238.75,236.259994507,237.270004272,4.07448936032,967.927526381,237.532374509
20151001,237.13999939,239.86000061,236.899993896,238.339996338,4.39497682119,1047.24977545,238.080380238
20151002,238.339996338,239.399993896,236.970001221,238.339996338,4.82336743545,1150.09140753,238.489877542
20151005,239.869995117,240.979995728,237.5,240.940002441,6.02457329712,1442.44614907,239.429985396
20151006,240.869995117,248.0,240.309997559,247.089996338,7.66341549999,1875.2905039,243.753340064
20151007,246.759994507,247.960006714,240.199996948,243.979995728,6.95446110119,1708.62537511,245.743638134
20151008,243.979995728,245.380004883,242.199996948,242.820007324,4.43941322777,1084.42301653,244.38641155
20151009,242.850006104,244.880004883,241.100006104,244.380004883,3.88913782397,948.942271382,243.990425269
20151013,246.460006714,251.5,244.86000061,250.940002441,5.34086219509,1330.01882315,248.560628054
20151014,250.949996948,255.0,250.25,253.13999939,5.84948278811,1477.23601124,252.165329944
20151015,253.199996948,256.769989014,253.179992676,254.979995728,4.99677900368,1275.32688869,255.030416033
20151016,254.990005493,267.600006104,254.86000061,263.359985352,6.8860366751,1797.10960557,260.28543876
20151019,264.989990234,268.230010986,262.049987793,265.170013428,4.65386758664,1233.88627236,265.172671848
20151020,264.910003662,272.950012207,264.380004883,271.170013428,6.85080300033,1838.11380571,267.865677918
20151021,271.160003662,272.850006104,265.0,268.75,4.95371536018,1334.1284807,269.192827966
20151022,268.769989014,280.0,268.75,275.619995117,6.5578500686,1797.36268638,273.117820019
20151023,275.790008545,281.170013428,275.399993896,278.75,5.03897061906,1399.92019888,277.938343917
20151026,285.209991455,287.679992676,282.040008545,287.089996338,5.34322432733,1524.13167315,285.056868574
20151027,287.100006104,297.989990234,286.890014648,295.570007324,7.82694232997,2298.86305623,292.754697037
20151028,295.570007324,308.929992676,295.570007324,304.049987793,11.2249460043,3389.1351543,301.978953107
20151029,304.049987793,320.989990234,301.799987793,315.809997559,8.64743558188,2695.78282996,310.430297894
20151030,315.809997559,336.970001221,315.809997559,329.25,11.7611024176,3840.51570249,326.673372417
20151102,329.510009766,371.820007324,326.070007324,365.140014648,13.8568302191,4819.32377525,338.959412257
20151103,365.140014648,422.299987793,362.070007324,403.920013428,27.9615161114,10934.939746,386.618105676
20151104,404.0,499.989990234,368.149993896,409.209991455,35.2052858223,15552.6021418,450.211877039
20151105,409.640014648,450.0,366.660003662,386.450012207,18.9130482177,7615.16951348,400.168169234
20151106,386.440002441,395.0,351.0,374.679992676,13.9580501918,5195.56363365,372.721814622
20151109,373.829986572,386.959991455,360.799987793,379.630004883,7.84442309448,2939.75534036,375.348993365
20151110,379.600006104,382.230010986,322.0,337.019989014,11.6342066624,4111.41327291,365.480699815
20151112,312.230010986,344.989990234,312.230010986,336.480010986,11.029263393,3627.58881736,328.576845593
20151113,336.480010986,343.0,325.0,338.070007324,7.15596292648,2396.5781455,334.589397155
20151116,322.929992676,334.100006104,316.119995117,332.440002441,5.32739227925,1733.52530613,323.857798258
20151117,332.480010986,340.720001221,330.100006104,336.399993896,5.13554899192,1726.16918221,335.770711327
20151118,336.489990234,338.0,330.0,335.309997559,3.72030584613,1244.38645739,334.357560115
20151119,335.309997559,336.380004883,324.899993896,326.450012207,4.80349071801,1586.44993281,331.452224011
20151120,326.559997559,327.040008545,311.230010986,321.769989014,6.65182671369,2127.03735746,320.412455326
20151123,323.720001221,326.0,322.0,323.0,3.43532899582,1112.3672051,323.596122042
20151124,323.0,323.170013428,318.0,320.970001221,3.82155266964,1227.82427514,321.570426284
20151125,320.959991455,330.059997559,316.260009766,328.989990234,5.6809851328,1839.90752582,322.878254573
20151127,352.589996338,364.459991455,347.959991455,358.200012207,5.10112236055,1821.12168042,356.191167005
20151130,372.25,382.869995117,367.5,376.799987793,8.08109128277,3038.80536051,376.389725388
20151201,376.809997559,378.940002441,354.600006104,362.790008545,6.54670542274,2393.4346857,367.558119138
20151202,362.790008545,363.059997559,347.549987793,360.0,6.30620578946,2244.15546108,355.946320915
20151203,359.869995117,369.989990234,356.519989014,361.589996338,5.1170509261,1859.24118804,362.73480765
20151204,361.779998779,364.850006104,355.429992676,363.980010986,4.14769502369,1498.3305627,361.091854986
20151207,386.970001221,397.570007324,383.0,394.730010986,5.39484153006,2118.4140927,392.128189786
20151208,394.730010986,418.410003662,386.690002441,417.350006104,5.85979000499,2334.21099713,395.020032141
20151209,417.399993896,425.0,401.0,418.399993896,9.59318644403,3976.59803445,415.508084573
20151210,418.390014648,419.5,408.0,415.679992676,5.01649642991,2086.05017658,415.400063811
20151211,415.679992676,453.130004883,415.670013428,452.869995117,9.53394387455,4169.45384982,433.022010104
20151214,433.859985352,450.0,429.119995117,444.100006104,115.102019528,51084.7706825,441.483538352
20151215,444.079986572,464.950012207,443.760009766,464.5,7.66423809846,3501.24783915,457.0754879
20151216,464.5,464.730010986,440.0,453.929992676,25.0127013148,11384.6619724,455.392406294
20151217,453.920013428,456.329986572,446.010009766,455.5,4.5112077495,2043.70618495,453.619410239
20151218,455.5,465.100006104,453.279998779,463.100006104,4.927108518,2262.9994252,459.18179582
20151221,442.149993896,444.440002441,424.660003662,437.049987793,5.33526627539,2322.23741122,436.48820396
20151222,437.059997559,442.0,432.579986572,433.769989014,4.76487308768,2081.18506704,437.216593022
20151223,433.799987793,445.109985352,428.290008545,442.429992676,5.33756320702,2342.02399345,438.90570914
20151224,442.429992676,460.0,442.420013428,455.809997559,4.92209975401,2237.86902641,455.07863867
20151228,424.679992676,429.899993896,418.0,421.940002441,4.96158706131,2106.41481262,425.315200191
20151229,421.929992676,433.899993896,419.309997559,433.899993896,4.71828895223,2013.76280626,425.362007883
20151230,433.890014648,434.989990234,422.350006104,427.839996338,3.5752483817,1535.23705759,430.15873714
20151231,427.880004883,434.0,419.040008545,430.260009766,4.58455870637,1960.43550932,427.248001205
20160104,431.920013428,435.790008545,431.369995117,433.850006104,4.29895055622,1865.3982659,433.605721113
20160105,433.839996338,435.640014648,430.0,433.179992676,3.74251325996,1621.61039161,433.349801212
20160106,433.309997559,433.459991455,428.149993896,430.329986572,3.97569775204,1716.8657165,431.937625715
20160107,430.329986572,460.149993896,430.320007324,459.260009766,9.9214849275,4474.18499849,449.955403074
20160108,459.25,464.399993896,447.529998779,454.410003662,5.88261561058,2684.24122673,456.359745449
20160111,449.989990234,452.649993896,445.880004883,449.299987793,4.01113485318,1801.72357761,448.977074432
20160112,449.269989014,449.440002441,431.829986572,434.0,4.75817751961,2122.14800208,447.117439143
20160113,434.010009766,437.5,425.0,432.690002441,6.34818084389,2737.35494652,431.28302926
20160114,432.679992676,435.269989014,428.0,430.019989014,4.08011016466,1762.37406973,431.930591477
20160115,429.989990234,430.290008545,357.299987793,359.640014648,22.1251696332,8735.2271034,400.232146051
20160119,384.799987793,385.5,370.0,375.290008545,5.85920022698,2222.7817784,381.177205488
20160120,375.290008545,425.100006104,369.0,418.890014648,9.93864115134,3957.4907157,390.978762415
20160121,418.890014648,424.779998779,403.209991455,409.279998779,6.16246796521,2543.67037176,413.376911502
20160122,409.190002441,413.989990234,373.859985352,383.119995117,9.43093013283,3699.21492903,394.068625959
20160125,403.049987793,403.049987793,386.410003662,391.399993896,5.09330039604,2009.34284566,396.241235818
20160126,391.410003662,397.0,387.779998779,391.540008545,5.07623413984,1994.7561995,393.201512676
20160127,391.529998779,397.179992676,390.700012207,394.570007324,4.72431058171,1862.74957417,394.34232449
20160128,394.589996338,395.0,377.119995117,379.609985352,6.41107004933,2462.91283622,384.326626735
20160129,379.619995117,385.049987793,363.25,379.029998779,8.51374966872,3199.62822632,376.907086584
20160201,367.880004883,379.0,366.260009766,371.329986572,5.67841576383,2112.98973997,373.154509417
20160202,371.329986572,374.410003662,371.170013428,372.920013428,4.93672747869,1840.78863685,372.872226906
20160203,372.899993896,373.010009766,365.630004883,368.880004883,5.24366538832,1942.84003713,371.109277089
20160204,368.820007324,390.630004883,368.739990234,387.549987793,6.2960336783,2392.19758076,377.141994222
20160205,387.989990234,389.359985352,382.989990234,384.160003662,5.263262258,2030.97240975,385.946181382
20160208,377.489990234,379.350006104,370.5,371.109985352,5.1523277225,1931.28189101,376.151777161
20160209,371.079986572,374.929992676,370.130004883,372.760009766,6.11808968706,2276.69564673,371.975263362
20160210,372.760009766,383.339996338,371.869995117,378.380004883,7.01103426979,2637.58810151,376.111038653
20160211,378.429992676,379.5,361.100006104,378.220001221,7.4114800327,2780.33459213,375.421356244
20160212,378.230010986,382.0,377.459991455,382.0,4.43687326327,1686.07108568,380.020307075
20160216,398.519989014,407.5,390.0,407.320007324,4.09035412404,1651.42869033,403.079949273
20160217,407.309997559,420.130004883,405.690002441,415.109985352,6.16546637297,2557.88037593,414.210552237
20160218,415.179992676,423.200012207,415.010009766,421.190002441,4.62750446122,1940.28101176,419.72704046
20160219,421.190002441,422.0,416.0,420.690002441,4.27013363702,1791.01239984,419.543940968
20160222,438.570007324,439.0,430.950012207,437.670013428,3.76294513463,1641.83681888,436.224183379
20160223,437.380004883,440.899993896,414.160003662,420.450012207,6.4681945974,2755.66449919,426.916110251
20160224,420.220001221,425.600006104,410.0,423.859985352,5.10233547472,2149.5552652,421.108667586
20160225,423.859985352,426.440002441,418.600006104,423.540008545,4.39268506404,1857.45790358,422.967420642
20160226,423.540008545,430.540008545,419.529998779,430.540008545,4.76442194951,2018.44672001,423.360461532
20160229,433.839996338,442.0,431.130004883,436.25,5.3990625429,2355.66627764,436.14773212
20160301,436.290008545,437.779998779,427.5,433.089996338,5.36825000834,2326.06629331,433.514336819
20160302,433.079986572,435.359985352,418.359985352,419.880004883,5.47674933755,2353.18200491,430.922359233
20160303,419.880004883,422.799987793,408.630004883,418.760009766,8.43253750173,3519.80635635,418.288183679
20160304,418.769989014,422.209991455,405.5,407.140014648,6.42818008508,2674.38304939,417.508648936
20160307,403.470001221,418.739990234,395.0,412.079986572,7.13997519148,2913.09371608,407.373092143
20160308,412.089996338,416.329986572,407.399993896,411.109985352,5.31397630854,2187.88243828,412.032854737
20160309,411.100006104,414.0,408.75,412.679992676,3.99762172002,1645.29790315,411.373994509
20160310,412.700012207,416.519989014,410.709991455,415.820007324,5.57586271158,2308.75586336,413.513499472
20160311,415.980010986,421.0,414.970001221,419.390014648,5.00156167623,2093.51451854,418.715868229
20160314,412.559997559,415.839996338,411.609985352,415.200012207,4.73190649709,1957.11825151,413.685629294
20160315,415.089996338,416.940002441,412.480010986,415.420013428,5.37696556077,2232.21349556,415.23717662
20160316,415.410003662,416.390014648,413.0,416.070007324,4.55080526305,1889.29465445,415.041682095
20160317,416.070007324,419.75,415.700012207,418.489990234,4.35897398792,1823.10469864,418.162726021
20160318,418.489990234,418.660003662,399.209991455,409.929992676,6.11962411943,2516.66950912,412.930549939
20160321,411.980010986,412.130004883,406.890014648,412.0,4.34987898601,1782.67644687,409.60320424
20160322,412.0,417.790008545,411.0,416.660003662,4.37280650198,1817.60026765,415.71295024
20160323,416.660003662,418.989990234,413.950012207,417.459991455,3.91560980182,1632.24176512,417.090007231
20160324,417.529998779,417.720001221,411.0,412.869995117,3.74326201098,1555.50143431,415.785374853
20160325,412.859985352,416.869995117,410.0,416.410003662,3.38113082766,1402.28998234,414.831678285
20160328,425.209991455,425.359985352,419.630004883,422.769989014,4.17179480983,1762.86759836,422.761160723
20160329,422.809997559,424.619995117,407.75,416.399993896,5.1763835367,2155.1521468,418.439157126
20160330,416.390014648,416.410003662,407.559997559,413.309997559,4.16393922252,1718.68385215,413.216079987
20160331,413.269989014,417.600006104,412.739990234,416.029998779,3.78351587271,1571.25540313,415.223500654
20160401,416.019989014,417.679992676,414.119995117,417.670013428,3.85856583028,1606.5897594,416.266836781
20160404,420.160003662,421.0,417.579986572,419.480010986,3.80683741,1596.19896027,419.430349329
20160405,419.480010986,423.429992676,418.010009766,422.369995117,4.05175132772,1707.21940646,421.570656035
20160406,422.359985352,423.0,420.609985352,421.549987793,3.86299224115,1630.37194822,422.041323683
20160407,421.450012207,422.739990234,419.410003662,422.0,3.59092349638,1513.48316419,421.475323444
20160408,421.989990234,424.649993896,415.709991455,419.540008545,4.58988293082,1935.49808029,422.273186111
20160411,423.320007324,424.0,420.149993896,423.779998779,3.60464112021,1523.57546341,422.603038046
20160412,423.779998779,429.769989014,423.140014648,427.679992676,5.08700950983,2171.05755294,426.732126575
20160413,427.640014648,429.440002441,423.589996338,425.579986572,4.1447368793,1767.92122847,426.63128838
20160414,425.579986572,428.0,424.519989014,426.140014648,3.61615691436,1539.91613363,425.835236931
20160415,426.140014648,431.100006104,425.720001221,430.820007324,3.14886823186,1350.92754552,428.701382404
20160418,431.040008545,434.459991455,428.440002441,430.890014648,3.75789477906,1616.84945054,430.611651633
20160419,430.899993896,438.200012207,429.220001221,437.059997559,4.4218280538,1909.25771388,431.186015489
20160420,437.059997559,444.070007324,436.170013428,442.920013428,5.07745692131,2233.15490849,438.989561929
20160421,442.859985352,453.799987793,441.989990234,452.25,5.41597819385,2421.45164911,445.584128253
20160422,452.25,452.950012207,445.070007324,448.940002441,4.8081034032,2156.44807896,448.328553179
20160425,464.529998779,472.380004883,454.649993896,466.079986572,6.63100801958,3082.03413578,464.103930961
20160426,466.190002441,472.109985352,464.010009766,470.390014648,5.33383816358,2499.76858555,468.390477329
20160427,470.429992676,470.790008545,440.940002441,445.0,7.87523563306,3610.03833775,462.232184749
20160428,444.959991455,451.880004883,434.790008545,451.700012207,5.3854388798,2399.62260874,446.401146528
20160429,451.720001221,459.440002441,448.5,458.709991455,4.26239091372,1932.61286646,452.811369642
20160502,456.970001221,457.630004883,440.019989014,446.579986572,5.40420927081,2417.13520482,449.297183927
20160503,446.600006104,453.290008545,443.609985352,452.25,4.16481596082,1869.75026514,448.721079466
20160504,452.230010986,453.230010986,446.760009766,448.809997559,3.43234229276,1542.17343475,449.584981304
20160505,448.739990234,451.559997559,447.0,449.910003662,3.79052948841,1703.58010424,449.427719816
20160506,449.959991455,463.730010986,448.839996338,462.309997559,4.38200200293,1995.92575901,454.184648853
20160509,462.559997559,465.899993896,459.410003662,464.170013428,4.1800585382,1932.96701064,461.911551878
20160510,464.179992676,465.0,448.200012207,452.779998779,5.08616104419,2323.98916392,457.631545236
20160511,452.769989014,458.649993896,452.5,454.609985352,4.19371296017,1910.27415266,455.697109858
20160512,454.609985352,456.570007324,449.269989014,456.480010986,4.33479071869,1962.10345008,452.702564388
20160513,456.480010986,458.029998779,453.839996338,457.980010986,3.78906668737,1729.3577734,456.182349184
20160516,461.480010986,461.589996338,451.480010986,455.809997559,4.21843553518,1931.51493517,458.623396683
20160517,455.809997559,457.489990234,452.200012207,454.200012207,4.26720671772,1943.12434977,455.622728687
20160518,454.200012207,457.880004883,453.600006104,455.540008545,3.85668690802,1759.64490042,456.236962022
20160519,455.579986572,456.410003662,435.0,438.720001221,5.86899672049,2630.208308,450.707205751
20160520,438.709991455,445.850006104,435.5,445.649993896,5.02089168041,2222.11868951,443.023924446
20160523,442.290008545,446.299987793,440.790008545,445.649993896,4.065127677,1803.68928824,443.719014147
20160524,445.570007324,448.5,440.5,447.079986572,4.87867261297,2177.12497127,446.427649032
20160525,447.0,452.420013428,446.730010986,451.309997559,4.31124285677,1940.25399608,449.901241769
20160526,451.350006104,454.989990234,449.0,454.970001221,4.13274182746,1869.23189603,452.162208133
20160527,454.950012207,476.75,454.350006104,470.510009766,6.93172839106,3252.32623773,470.484561878
20160531,532.510009766,544.900024414,520.010009766,532.039978027,5.93682050884,3159.63911958,533.713360045
20160601,532.010009766,541.5,524.390014648,534.25,4.30384577892,2297.0775155,533.594141473
20160602,534.260009766,541.200012207,531.859985352,538.049987793,4.4285522524,2374.15741414,536.228684362
20160603,538.020019531,578.0,535.960021973,571.16998291,7.16766778323,4012.99116986,555.061677382
20160606,575.16998291,588.150024414,575.0,587.08001709,4.73529221941,2762.55748753,583.091085264
20160607,586.799987793,590.950012207,483.779998779,579.380004883,6.78463811535,3937.36808953,583.02423278
20160608,579.429992676,583.989990234,572.960021973,583.210021973,3.9419094286,2283.18468687,579.147822105
20160609,583.190002441,583.479980469,574.0,577.140014648,3.45754097516,2000.4811243,579.302253045
20160610,577.280029297,581.0,573.5,580.229980469,3.94655342129,2282.49058943,578.340977987
20160613,676.75,720.0,663.549987793,706.020019531,10.821943197,7500.55664575,692.184477488
20160614,706.010009766,706.450012207,650.020019531,684.809997559,8.74112289749,5969.31764952,687.468911658
20160615,684.809997559,699.299987793,673.0,698.969970703,5.55190890118,3814.12136107,685.551321877
20160616,698.599975586,777.679992676,698.599975586,769.890014648,11.6781453954,8657.90937172,743.092350091
20160617,769.549987793,778.5,709.010009766,753.530029297,9.72756150927,7297.30602688,753.319604789
20160620,768.760009766,768.940002441,702.0,705.219970703,6.81115344594,5063.83996983,751.429963091
20160621,706.989990234,718.260009766,628.599975586,668.739990234,18.1503723689,12288.1309361,681.168465127
20160622,668.33001709,679.989990234,568.109985352,603.070007324,11.0756547442,7068.46734202,654.319063356
20160623,604.58001709,637.890014648,544.130004883,631.0,14.2424312847,8501.47357273,597.479675463
20160624,631.010009766,700.0,631.010009766,669.929992676,13.2528707869,8869.29329572,666.999004237
20160627,638.559997559,659.979980469,630.0,657.859985352,4.67218482943,3018.33733867,647.760337236
20160628,657.859985352,663.530029297,638.0,648.429992676,3.98299964734,2593.81703652,651.880832036
20160629,648.429992676,648.429992676,630.020019531,639.400024414,4.58713375473,2926.88130812,638.265178553
20160630,639.409973145,675.0,635.140014648,673.5,5.44338453981,3585.18299362,654.231515715
20160701,673.489990234,688.989990234,667.0,678.289978027,4.76349311587,3230.90097677,678.609169727
20160705,681.979980469,682.369995117,662.510009766,669.989990234,3.54948598248,2388.72645982,673.913761181
20160706,670.0,680.789978027,665.0,678.789978027,3.97109946837,2677.84456259,674.424035475
20160707,678.780029297,683.440002441,611.940002441,641.989990234,8.55423120365,5486.26289299,645.576700126
20160708,641.960021973,667.299987793,638.039978027,667.210021973,8.84673036841,5759.05190089,649.783857388
20160711,652.440002441,664.270019531,648.109985352,651.460021973,5.13813578741,3356.39478194,652.879365455
20160712,651.059997559,675.5,648.599975586,665.179992676,8.33694308342,5488.37824558,658.946617254
20160713,665.179992676,671.450012207,654.859985352,655.33001709,15.9314524265,10580.5095613,664.420655823
20160714,655.33001709,663.989990234,640.0,661.549987793,3.25625556617,2145.91827069,659.304026371
20160715,661.409973145,669.979980469,660.679992676,667.409973145,3.32951690764,2216.00034795,665.54676005
20160718,680.0,684.940002441,670.0,675.659973145,3.19077777689,2163.92063552,678.842548837
20160719,675.5,676.869995117,666.16998291,673.979980469,2.6764731615,1800.03406644,673.395489756
20160720,673.979980469,674.989990234,664.599975586,667.369995117,2.53816289528,1699.90173065,670.924693171
20160721,667.280029297,668.400024414,661.190002441,667.789978027,2.77220814939,1845.77133393,665.465803867
20160722,667.780029297,669.940002441,647.590026855,654.799987793,5.14282034327,3395.1945013,662.821052806
20160725,660.690002441,664.130004883,653.770019531,657.729980469,2.987354707,1965.4339868,658.038387553
20160726,657.83001709,658.989990234,645.0,654.030029297,4.5221869008,2960.55434967,654.707689285
20160727,654.030029297,658.989990234,646.559997559,657.340026855,3.62129176945,2370.39181812,654.4320165
20160728,657.0,659.969970703,654.099975586,657.190002441,2.71693320184,1785.73726682,657.205894809
20160729,657.400024414,659.0,651.0,656.940002441,3.04085363772,1996.79267803,657.206458833
20160801,626.979980469,629.340026855,599.0,604.039978027,5.74497191272,3546.73740822,620.620618523
20160802,604.039978027,613.380004883,483.0,539.239990234,10.4734357616,6017.48892143,592.429425049
20160803,538.239990234,576.0,519.299987793,573.369995117,14.1618114165,7817.16663128,555.231374105
20160804,573.369995117,599.950012207,562.109985352,587.989990234,6.64720191179,3866.46810385,581.546877035
20160805,587.219970703,592.869995117,570.390014648,583.0,3.87483723304,2243.73214938,579.203871875
20160808,595.130004883,595.989990234,590.0,591.890014648,2.70638442522,1605.65652109,593.202428267
20160809,591.640014648,594.039978027,585.380004883,586.909973145,3.36539900513,1983.79148076,589.594454066
20160810,586.679992676,601.090026855,583.289978027,594.940002441,6.59119531022,3895.36794053,592.153157934
20160811,594.940002441,599.989990234,585.599975586,587.909973145,3.5473114379,2100.84951684,593.612323676
20160812,587.900024414,590.090026855,583.619995117,587.599975586,2.71762180161,1596.35741786,587.605833096
20160815,574.989990234,575.0,561.559997559,567.659973145,3.07976967748,1752.28268554,570.065051481
20160816,567.840026855,581.989990234,566.090026855,579.030029297,3.2803742122,1882.90462916,572.920566135
20160817,579.020019531,581.989990234,569.66998291,574.409973145,3.15145475124,1813.41050216,576.543139437
20160818,574.429992676,576.989990234,573.0,574.059997559,2.78648880003,1602.75292575,575.128372447
20160819,574.099975586,576.989990234,572.679992676,573.75,2.826579645,1625.04508112,574.86643486
20160822,581.479980469,586.989990234,579.219970703,585.200012207,3.14873249437,1836.73979172,582.550706694
20160823,585.200012207,586.770019531,577.469970703,582.390014648,3.55227661426,2068.65910933,583.214030753
20160824,582.390014648,582.679992676,575.289978027,578.340026855,2.69732294511,1562.95312067,579.771860292
20160825,578.460021973,579.0,573.119995117,575.770019531,2.8818809121,1658.52632783,575.351874627
20160826,575.760009766,579.859985352,574.849975586,579.140014648,2.38832522327,1380.26715853,577.737180752
20160829,575.400024414,577.729980469,571.239990234,573.059997559,3.2326068024,1855.83364546,574.150211377
20160830,573.16998291,576.83001709,572.530029297,575.130004883,2.91827254797,1677.45418562,575.024846903
20160831,574.969970703,575.150024414,569.210021973,572.869995117,3.10096129149,1774.76609886,572.516283035
20160901,573.049987793,573.309997559,568.119995117,573.049987793,3.61864259129,2067.39030458,571.587411372
20160902,573.049987793,577.969970703,570.0,576.409973145,3.35608767925,1926.84014593,573.37361446
20160906,606.280029297,612.989990234,605.469970703,612.989990234,2.9298990219,1785.56110016,608.882067235
20160907,612.979980469,618.530029297,609.210021973,615.059997559,3.27195737752,2008.17243966,613.21911672
20160908,615.059997559,631.299987793,613.429992676,628.229980469,3.64828433975,2277.63093663,623.109401364
20160909,628.159973145,628.690002441,618.25,622.479980469,3.15962327487,1967.00402933,622.94282163
20160912,607.890014648,609.450012207,603.0,607.380004883,2.78568251508,1690.57214522,607.1919988
20160913,607.119995117,609.989990234,605.159973145,608.590026855,2.73236287704,1661.32059212,608.01421886
20160914,608.460021973,611.989990234,608.0,608.5,2.62544576002,1600.9099059,609.580625704
20160915,608.510009766,609.489990234,603.33001709,605.440002441,2.77818243692,1688.21434527,608.073372904
20160916,605.440002441,608.099975586,603.150024414,607.979980469,2.93353931617,1780.24701545,606.85089052
20160919,611.359985352,612.460021973,607.400024414,608.559997559,2.18276208996,1330.13253474,610.047370699
20160920,608.5,609.91998291,607.150024414,608.049987793,3.15159466533,1918.15326471,608.818644587
20160921,608.059997559,608.059997559,592.630004883,596.989990234,3.47156777189,2075.08514422,597.867254851
20160922,597.0,598.539978027,594.780029297,596.030029297,2.80795619755,1675.54915827,596.883336851
20160923,596.210021973,603.299987793,595.140014648,602.909973145,2.63954593296,1582.92534951,599.258405219
20160926,601.619995117,607.989990234,600.020019531,607.0,3.08428492271,1868.23593947,605.196707577
20160927,607.0,607.539978027,601.380004883,605.710021973,3.05614124315,1848.8345641,605.136108398
20160928,605.710021973,606.0,603.179992676,605.039978027,2.62336693649,1586.3517246,604.727754974
20160929,605.039978027,606.890014648,603.559997559,605.989990234,2.89372816935,1752.13253263,605.50177553
20160930,605.989990234,608.989990234,605.0,608.989990234,3.32508809573,2015.52691173,606.24688335
20161003,612.380004883,615.239990234,610.700012207,612.989990234,3.11226404837,1907.70647974,613.366300159
20161004,612.969970703,613.229980469,606.929992676,610.33001709,3.52873534469,2154.22567423,610.666687012
20161005,610.229980469,614.239990234,609.219970703,613.159973145,3.11937801897,1909.09918871,611.67159089
20161006,613.140014648,613.390014648,610.299987793,611.770019531,2.74310979982,1680.15799448,612.605233002
20161007,611.770019531,618.700012207,609.890014648,618.049987793,3.5815449964,2203.4632028,615.062481223
20161011,618.450012207,647.030029297,618.130004883,642.989990234,4.39721579079,2780.89979005,631.999982919
20161012,642.979980469,643.58001709,631.909973145,636.210021973,3.10228032087,1981.46705612,639.382414627
20161013,636.059997559,639.849975586,632.0,635.799987793,2.69389827589,1714.39128201,636.628302087
20161014,635.799987793,639.989990234,624.08001709,638.030029297,3.25866449897,2070.43377336,636.961183887
20161017,642.179992676,643.469970703,636.270019531,639.710021973,2.77299281586,1773.32921287,639.772994529
20161018,639.619995117,640.0,632.150024414,635.280029297,2.88464782235,1837.84965319,637.617215474
20161019,635.25,636.989990234,625.599975586,629.770019531,3.20074401572,2019.8843471,632.677465481
20161020,629.780029297,629.989990234,626.010009766,628.41998291,2.92661115518,1839.11361117,628.571298303
20161021,628.409973145,633.409973145,627.5,630.650024414,2.94114659677,1852.65725768,629.743234719
20161024,650.539978027,652.929992676,645.809997559,649.979980469,2.56254132821,1663.42398761,649.19681761
20161025,649.979980469,657.5,648.989990234,654.299987793,3.39230596582,2217.96385479,653.74417572
20161026,654.299987793,678.0,652.510009766,674.0,4.07887670665,2716.89723229,663.833434635
20161027,673.679992676,692.409973145,673.539978027,691.520019531,4.76330549622,3259.65185333,683.450684611
20161028,691.549987793,691.549987793,683.200012207,689.940002441,3.08388072849,2120.78901876,687.62171385
20161031,698.159973145,709.679992676,681.010009766,697.070007324,3.15218387778,2202.51008476,699.995764584
20161101,696.989990234,737.5,695.739990234,730.690002441,4.83925587675,3495.93395691,721.467587068
20161102,730.400024414,743.469970703,720.0,743.469970703,3.54415477004,2576.42531373,726.250086212
20161103,743.479980469,746.159973145,672.059997559,689.690002441,7.2066256173,5137.59764466,725.313848919
20161104,689.510009766,708.33001709,683.799987793,705.190002441,3.67124969101,2568.44694533,700.932006243
20161107,717.039978027,717.320007324,701.349975586,706.729980469,2.91600445481,2063.38035529,707.947558551
20161108,706.960021973,716.450012207,704.159973145,711.150024414,3.0614121088,2173.04889609,709.089118152
20161109,711.25,747.260009766,710.049987793,720.510009766,8.36880522594,6114.78169067,727.945448769
20161110,720.650024414,723.609985352,705.840026855,713.0,3.10482360201,2216.91872261,715.280895657
20161114,703.979980469,708.570007324,695.070007324,707.989990234,3.36388410176,2363.29039823,703.306215074
20161115,708.25,716.299987793,671.229980469,711.799987793,3.34218307559,2366.52022425,710.974584749
20161116,711.849975586,743.799987793,710.0,734.109985352,4.31823233339,3146.61656887,722.833077961
20161117,737.0,750.010009766,729.010009766,730.75,3.01647270209,2239.08155804,742.708478885
20161118,730.75,751.0,728.890014648,748.559997559,3.24256421648,2409.3398614,742.640210385
20161121,731.780029297,738.469970703,730.0,736.390014648,2.09453254371,1539.96353912,734.761933263
20161122,736.400024414,748.770019531,726.380004883,746.559997559,2.99995295005,2222.19752692,739.573943795
20161123,746.559997559,747.119995117,734.0,741.739990234,2.51935965045,1867.78300938,741.967769623
20161125,737.989990234,739.989990234,729.0,739.91998291,2.20371779681,1619.71894479,734.412345081
20161128,729.239990234,736.440002441,729.0,730.210021973,2.69290858453,1969.59794357,731.594444105
20161129,730.239990234,734.359985352,728.200012207,732.260009766,2.65990660889,1946.50128352,731.804486593
20161130,732.380004883,745.0,729.16998291,742.66998291,2.76178463594,2039.83417362,737.95505956
20161201,742.659973145,754.900024414,741.590026855,753.859985352,2.94485553422,2205.74755804,748.6499332
20161202,754.0,780.0,753.530029297,769.979980469,4.2316658778,3250.05232029,768.220240614
20161205,767.950012207,767.989990234,748.599975586,752.010009766,3.3592136398,2536.91517377,755.959294764
20161206,752.0,761.58001709,752.0,759.940002441,3.1660298723,2398.27147499,757.517314529
20161207,759.940002441,768.900024414,750.260009766,764.640014648,3.18220935995,2425.08154532,761.745277701
20161208,764.469970703,772.820007324,761.710021973,767.760009766,3.35860158569,2582.90017303,768.178723187
20161209,767.849975586,773.109985352,765.969970703,772.989990234,2.74174723671,2111.79858948,770.227702628
20161212,771.049987793,782.0,770.880004883,779.25,3.08567014,2399.97357013,776.590564219
20161213,779.210021973,790.340026855,772.760009766,777.010009766,3.74292294941,2923.8976461,780.787262726
20161214,777.020019531,781.799987793,773.200012207,777.229980469,3.14854819709,2450.21912237,778.869696299
20161215,777.659973145,780.0,775.0,776.239990234,4.12428187291,3210.46872169,778.539575153
20161216,776.239990234,785.0,774.799987793,780.799987793,3.9685516823,3096.52103573,780.09091835
20161219,790.700012207,794.989990234,789.0,791.289978027,3.83823709971,3041.32224532,792.766350555
20161220,791.280029297,799.210021973,788.58001709,799.210021973,4.11781036535,3260.92886676,791.452569538
20161221,799.210021973,834.0,798.880004883,833.559997559,5.8702856348,4793.65207471,814.613765759
20161222,833.559997559,875.75,832.380004883,856.799987793,6.09326384588,5214.40475875,856.053515583
20161223,856.700012207,918.5,855.450012207,917.66998291,8.85561790117,7945.56713614,897.978929308
20161227,901.41998291,943.359985352,895.0,925.150024414,4.66268747109,4302.9738591,916.840490977
20161228,925.150024414,983.460021973,923.950012207,982.780029297,6.80889598328,6495.74712219,951.983487447
20161229,982.270019531,988.880004883,950.5,970.5,6.25595635999,6081.7224301,973.34657987
20161230,970.5,970.719970703,930.299987793,961.369995117,5.51704894135,5272.88783203,955.951855723
20170103,1015.45001221,1036.98999023,1006.71002197,1023.0,6.04861943707,6176.66799449,1019.40120167
20170104,1021.03997803,1147.0,1018.0,1128.09997559,11.333749758,12349.5724757,1082.73639446
20170105,1128.09997559,1175.0,880.0,1005.0,14.2194464682,14694.951904,1056.04491819
20170106,1005.0,1033.84997559,875.010009766,895.479980469,9.96875265011,9219.40042657,936.490361955
20170109,921.989990234,923.58001709,886.41998291,903.309997559,4.14614665304,3727.81825665,899.474989234
20170110,903.210021973,915.099975586,899.010009766,906.989990234,5.17489144237,4689.86595053,906.903506682
20170111,907.0,923.979980469,765.0,800.16998291,13.6540584056,11332.361342,852.499414402
20170112,800.590026855,840.0,734.640014648,812.25,9.77539044886,7731.04608883,790.749037679
20170113,812.239990234,835.010009766,782.849975586,831.41998291,8.67480435591,7048.82398519,812.445969179
20170117,834.409973145,909.0,830.099975586,906.119995117,5.92357829399,5221.42521568,879.721544944
20170118,906.08001709,916.700012207,850.0,887.979980469,5.442164515,4812.10379247,889.226222059
20170119,887.989990234,907.0,883.08001709,902.929992676,4.83296607983,4339.43274884,897.247299321
20170120,902.91998291,904.590026855,890.0,894.200012207,2.98556348167,2682.40275307,898.49096489
20170123,928.960021973,931.33001709,915.309997559,920.619995117,3.00198404329,2770.49345419,923.436377843
20170124,919.109985352,923.0,880.0,887.0,4.70553132428,4259.74855945,908.510590447
20170125,886.989990234,903.979980469,886.989990234,897.0,3.33113079592,2985.75794267,897.248894119
20170126,897.0,921.950012207,896.0,917.010009766,3.54193910046,3224.10874804,909.208376651
20170127,917.020019531,924.469970703,911.0,923.0,2.85759228908,2628.6215214,920.015933779
20170130,916.479980469,923.950012207,914.690002441,923.070007324,2.67544807212,2462.62414049,920.445909754
20170131,923.239990234,972.299987793,922.940002441,970.090026855,4.80060882116,4565.80215145,944.075151189
20170201,970.099975586,992.25,963.840026855,991.309997559,4.32919153459,4223.83757245,975.508415816
20170202,991.489990234,1010.0,978.739990234,1007.16998291,4.15913121146,4144.68963734,994.708689499
20170203,1007.22998047,1024.5,994.340026855,1018.01000977,4.99730056635,5061.56590001,1014.12122485
20170206,1016.23999023,1027.69995117,1014.64001465,1023.52001953,3.20345602504,3275.12010918,1022.26009119
20170207,1022.90997314,1058.26000977,1021.75,1053.81994629,4.07981494941,4261.68240193,1043.66213519
20170208,1053.81994629,1069.94995117,1016.48999023,1056.76000977,5.17226538357,5438.90761699,1054.15622228
20170209,1057.19995117,1079.0,925.0,993.650024414,11.7800222016,11762.0794018,1026.95209715
20170210,993.630004883,1008.0,961.0,1001.09997559,6.01128210208,5916.50178183,983.692919837
20170213,1010.0,1021.5,985.679992676,1002.5,3.72089111712,3731.60372647,1005.1249435
20170214,1002.02001953,1018.9699707,992.270019531,1013.91998291,4.35019194516,4384.72293454,1008.47928098
20170215,1013.91998291,1016.0,1007.65997314,1013.25,3.64480830817,3691.15553684,1012.38908874
20170216,1014.04998779,1041.88000488,1013.02001953,1038.94995117,4.49814617097,4630.13447606,1028.42061369
20170217,1038.94995117,1064.59997559,1036.29003906,1057.29003906,4.64319337744,4889.05630294,1049.90550554
20170221,1089.57995605,1132.94995117,1081.94995117,1129.95996094,5.32839371921,5897.41911847,1104.41451865
20170222,1129.98999023,1140.0,1104.90002441,1130.2800293,4.36274564968,4913.44953387,1124.77952067
20170223,1130.17004395,1197.0,1128.2199707,1182.30004883,5.3458444339,6186.4519022,1149.3517061
20170224,1183.29003906,1221.93005371,1103.31994629,1186.91003418,9.17450838492,10835.3225202,1187.57911182
20170227,1184.83996582,1198.98999023,1176.0,1194.98999023,4.42213713026,5264.67940683,1189.52425401
20170228,1194.98999023,1214.93994141,1179.64001465,1195.07995605,8.78488850908,10513.9194724,1195.72912538
20170301,1197.94995117,1230.0,1085.70996094,1229.98999023,7.04565503703,8540.46583262,1210.42091624
20170302,1229.98999023,1298.60998535,1220.0,1269.51000977,6.60117859366,8267.1327292,1245.43373099
20170303,1269.22998047,1294.98999023,1255.60998535,1293.51000977,6.23475709319,7966.98483902,1278.96285265
20170306,1278.76000977,1288.0,1268.7800293,1284.98999023,3.44283529039,4409.65502859,1281.62904121
20170307,1284.98999023,1288.0,1050.0,1237.70996094,7.69136546595,9518.23110108,1258.75447091
20170308,1237.35998535,1246.0,1128.0,1150.23999023,9.19651299031,10928.6067197,1196.95477888
20170309,1150.13000488,1214.94995117,1131.10998535,1197.09997559,5.95881021058,7041.01408319,1179.83945024
20170310,1197.30004883,1360.0,956.849975586,1114.0,17.8415350135,21045.3813763,1208.36183408
20170313,1235.58996582,1249.0,1206.0,1245.35998535,6.66745046126,8244.95474429,1237.89611655
20170314,1245.33996582,1262.0,1213.55004883,1249.0,5.18639594502,6468.63325389,1247.24891044
20170315,1248.98999023,1264.5300293,1240.0,1264.42004395,5.11603471417,6413.69422445,1253.43326467
20170316,1263.73999023,1277.27001953,1117.77001953,1178.06994629,11.5624747442,13958.1608083,1223.32837787
20170317,1178.06994629,1178.06994629,1065.73999023,1070.68994141,13.4235622428,15068.3205819,1130.97628318
20170320,1019.5,1051.9699707,1011.0,1046.0,6.23492646864,6458.35577217,1035.45207575
20170321,1046.0,1120.0,1042.68005371,1114.43005371,8.68885737661,9467.95330414,1085.60389921
20170322,1114.43005371,1114.95996094,985.16998291,1040.0,10.124010088,10562.0622069,1051.61059994
20170323,1038.54003906,1057.41003418,1013.0,1025.0300293,5.50083256977,5690.85484946,1035.8430102
20170324,1025.04003906,1030.30004883,920.099975586,934.0,13.2279935764,12897.8445079,992.121247991
20170327,973.960021973,1045.90002441,961.099975586,1042.43994141,7.11403253995,7188.74398777,1001.88472638
20170328,1041.82995605,1069.39001465,1016.25,1045.20996094,6.29374484486,6564.7421941,1044.56234529
20170329,1045.20996094,1058.16003418,1005.77001953,1039.30004883,6.04683248868,6249.10962797,1035.42964617
20170330,1040.40002441,1052.93994141,1022.0,1042.0,5.78925018224,6017.57340186,1039.47654317
20170331,1042.0,1094.48999023,1038.10998535,1088.98999023,7.83000003997,8357.22682608,1063.31159922
20170403,1112.9699707,1168.7199707,1112.23999023,1153.0,8.81348563941,10079.8222946,1142.48814104
20170404,1152.36999512,1164.14001465,1124.97998047,1143.97998047,6.23752180437,7145.19340919,1148.01282578
20170405,1143.98999023,1144.98999023,1114.90002441,1132.0,6.06039514677,6851.2128421,1131.84410646
20170406,1132.0,1206.9699707,1132.0,1192.86999512,7.81122009485,9148.98971736,1168.0396837
20170407,1192.30004883,1203.0,1175.26000977,1193.76000977,4.85772687894,5791.84485585,1192.2104159
20170410,1210.9699707,1219.7800293,1201.0,1210.0,3.92896894644,4760.45950941,1211.9469752
20170411,1210.0,1234.0,1200.0,1222.79003906,3.81970538371,4650.58770328,1215.25951953
20170412,1222.79003906,1227.85998535,1209.60998535,1214.85998535,4.54763412771,5540.91545403,1219.25057415
20170413,1214.41003418,1219.48999023,1148.97998047,1176.56005859,6.54477518135,7738.92563442,1189.1690578
20170414,1176.56005859,1196.92004395,1170.14001465,1173.07995605,3.93982506889,4659.10148048,1182.55387226
20170417,1177.95996094,1197.59997559,1170.84997559,1189.43994141,4.55046003206,5380.08591288,1180.18296543
20170418,1190.43994141,1206.65002441,1189.43994141,1201.0,4.3608756026,5227.20159679,1198.7832077
20170419,1201.52001953,1215.31994629,1191.08996582,1214.10998535,4.35831365556,5241.19027085,1201.34616504
20170420,1214.2199707,1240.59997559,1212.01000977,1235.97998047,5.37984748947,6600.40840515,1225.30178596
20170421,1236.14001465,1258.77001953,1236.14001465,1250.06994629,4.6292772612,5774.12616023,1247.61014752
20170424,1251.76000977,1261.16003418,1246.31005859,1257.01000977,4.13126623402,5176.72252654,1252.72358432
20170425,1257.0,1287.0,1256.16003418,1280.68994141,5.63638190791,7193.41247038,1273.58649563
20170426,1280.82995605,1320.0,1279.5,1298.58996582,6.67138284076,8669.85883664,1295.30774935
20170427,1297.66003418,1360.0,1295.39001465,1348.88000488,7.28628926103,9690.01156085,1324.22916099
20170428,1349.91003418,1381.01000977,1300.19995117,1354.25,9.73169849218,13036.9680632,1340.31434055
20170501,1383.54003906,1466.68994141,1370.97998047,1438.83996582,11.7846977255,16853.9804604,1425.37321201
20170502,1438.83996582,1492.93005371,1426.51000977,1471.68994141,8.42651648194,12317.5698971,1460.93890254
20170503,1471.73999023,1533.0,1453.68005371,1533.0,11.3441019451,16899.2551099,1482.22172792
20170504,1533.0,1665.0,1482.06005859,1560.51000977,18.5581201054,29206.193115,1572.53303808
20170505,1560.60998535,1630.0,1535.10998535,1551.29003906,11.8168785552,18720.1271235,1590.88554374
20170508,1609.79003906,1712.94995117,1608.0,1712.94995117,11.0332544446,18144.1425329,1640.7409484
20170509,1709.31005859,1794.69995117,1630.0,1718.18005371,13.81990812,23810.3880114,1729.48453801
20170510,1717.42004395,1799.98999023,1691.30004883,1794.98999023,9.41574983699,16571.1807348,1757.82915039
20170511,1794.97998047,1889.0,1770.94995117,1836.84997559,10.9377123348,20097.5526553,1837.7964325
20170512,1837.29003906,1838.0,1651.01000977,1695.43994141,11.484766938,20118.6137283,1774.14404644
20170515,1799.94995117,1802.98999023,1702.42004395,1747.81005859,7.08459425664,12370.1070748,1754.01674728
20170516,1747.79003906,1777.76000977,1690.14001465,1777.04003906,7.92173757887,13799.6959416,1744.91754744
20170517,1777.39001465,1840.0,1745.05004883,1812.47998047,9.59236177317,17355.6000925,1815.99216207
20170518,1812.80004883,1900.0,1800.0,1898.68994141,7.93472169579,14617.0547073,1836.67314979
20170519,1898.69995117,1980.0,1890.72998047,1976.61999512,13.1900219534,25564.2517791,1937.75899811
20170522,2057.0,2298.0,1975.0,2120.2199707,20.4467185244,44267.6669097,2167.66333779
20170523,2121.47998047,2283.0,2100.86010742,2272.73999023,12.2635562804,27236.5652857,2216.53219672
20170524,2272.73999023,2474.68994141,2266.51000977,2432.9699707,17.1291938575,40633.8442858,2368.76543308
20170525,2432.9699707,2806.0,2226.86010742,2360.0,25.8275975832,66323.4805692,2602.15006799
20170526,2360.0,2683.17993164,2052.01000977,2274.87011719,22.0579876565,52198.652437,2444.53560774
20170530,2280.91992188,2336.87988281,2112.31005859,2185.0,14.5039829994,32536.1002315,2265.62576735
20170531,2189.37988281,2338.90991211,2173.80004883,2300.09008789,15.116184698,33994.9756239,2250.14543254
20170601,2302.77001953,2488.0,2302.0,2419.95996094,14.8520723471,35643.9226382,2404.62788561
20170602,2418.92993164,2478.0,2379.43994141,2478.0,8.94676626657,21683.3887697,2425.25813124
20170605,2518.39990234,2695.0,2517.02001953,2695.0,9.43571228965,24625.1669948,2600.81108161
20170606,2695.0,2938.55004883,2674.68994141,2871.29003906,19.8677617528,55916.123711,2834.81960856
20170607,2871.32006836,2885.0,2598.69995117,2700.83007812,13.5303361415,37600.6188383,2816.19541812
20170608,2700.81005859,2808.7800293,2611.40991211,2799.11010742,9.33659089832,25564.1623308,2749.81293013
20170609,2799.11010742,2861.58007812,2786.19995117,2811.29003906,7.95932863863,22498.349024,2822.98516524
20170612,2998.97998047,2999.98999023,2463.88989258,2655.93994141,27.0145685186,74184.3822679,2826.87659912
20170613,2658.76000977,2798.98999023,2649.4699707,2708.84008789,13.7287839918,37215.2536362,2714.71315409
20170614,2708.84008789,2827.0,2330.0,2438.52001953,19.608195414,51077.2398577,2670.13757799
20170615,2438.51000977,2525.0,2050.0,2409.9699707,29.1965723209,67748.0197049,2352.42450087
20170616,2408.08007812,2524.64990234,2287.84008789,2485.01000977,15.1478613835,36891.9863523,2441.37665507
20170619,2512.89990234,2597.0,2481.91992188,2596.98999023,9.66344309714,24676.7558935,2553.31843567
20170620,2596.97998047,2776.94995117,2585.41992188,2725.16992188,13.366651084,35822.2089553,2652.86233758
20170621,2725.02001953,2781.59008789,2559.51000977,2643.33007812,12.5555659971,33699.7110028,2691.18268992
20170622,2643.33007812,2724.68994141,2598.0,2679.90991211,8.45714979495,22615.2158526,2664.93321143
20170623,2679.97998047,2743.0,2665.0,2690.76000977,6.72011615859,18175.3076996,2705.64603678
20170626,2503.92993164,2563.89990234,2258.34008789,2411.31005859,14.578267719,35265.464897,2449.73285387
20170627,2411.31005859,2574.68994141,2264.0,2572.01000977,15.3950260899,36847.7444697,2395.40137329
20170628,2572.0,2605.0,2457.0,2553.47998047,11.2906889582,28673.4420547,2533.14798787
20170629,2553.0300293,2591.97998047,2506.10009766,2536.16992188,6.28526892654,16077.8849305,2557.62793325
20170630,2534.34008789,2554.01000977,2446.19995117,2457.01000977,8.23770967357,20616.3673695,2513.21263072
20170703,2515.30004883,2584.7800293,2479.75,2542.40991211,6.97679157793,17625.0245675,2520.61452671
20170705,2605.95996094,2630.23999023,2551.06005859,2619.37011719,7.07733608968,18290.5179044,2581.95115153
20170706,2619.0,2623.54003906,2580.68994141,2603.29003906,5.69989929207,14812.1770163,2600.17973718
20170707,2604.39990234,2607.61010742,2472.0,2502.0300293,8.12556792487,20644.0622117,2552.00903609
20170710,2508.97998047,2523.0,2250.0,2335.69995117,10.9918833911,26419.4805617,2456.9884235
20170711,2336.67993164,2410.0,2265.0,2310.16992188,10.8961329949,25570.8518784,2346.85483636
20170712,2310.01000977,2415.0,2250.0,2385.88989258,9.60478985613,22475.6039927,2338.40346595
20170713,2386.19995117,2416.79003906,2308.13989258,2338.77001953,6.6305316567,15638.6717398,2364.93516693
20170714,2338.27001953,2349.2800293,2150.0,2217.04003906,9.40873806619,21175.2879755,2275.75715875
20170717,1910.85998535,2229.5,1909.57995605,2229.5,14.8346705426,30737.4873297,2052.24253506
20170718,2229.5,2393.42993164,2134.37011719,2308.23999023,17.6130344171,40370.6581422,2272.12455597
20170719,2308.23999023,2396.0,2216.0,2257.92993164,12.8952362539,29631.3917281,2309.1130422
20170720,2257.92993164,2957.0,2257.92993164,2848.44995117,25.2848158972,66085.2307609,2487.8228575
20170721,2847.30004883,2880.0,2608.27001953,2665.92993164,16.075680964,43802.568672,2717.76126404
20170724,2754.23999023,2799.19995117,2726.80004883,2761.64990234,5.63000891402,15530.867493,2759.38348677
20170725,2762.26000977,2782.43994141,2449.68994141,2561.51000977,13.3332697586,34600.8843432,2625.58543803
20170726,2561.14990234,2614.0,2403.0,2525.9699707,9.02404544864,22517.0320471,2498.29676175
20170727,2525.95996094,2686.19995117,2514.10009766,2664.18994141,6.9975922134,18057.9987058,2568.70468089
20170728,2664.19995117,2825.11010742,2655.55004883,2786.18994141,12.1554541967,33384.2439419,2737.23101959
20170731,2723.98999023,2900.0,2700.0,2861.0,7.95651870678,22176.1475824,2771.00904083
20170801,2861.01000977,2925.0,2676.01000977,2732.97998047,6.78821967915,18992.5114017,2793.23124525
20170802,2731.60009766,2758.06005859,2650.0,2699.89990234,5.85090915895,15849.3130033,2714.45382199
20170803,2699.88989258,2799.0,2699.88989258,2787.18994141,5.15743095058,14191.4975023,2741.27590942
20170804,2787.06005859,2877.79003906,2760.0,2857.34008789,5.35796914414,15157.4135797,2824.65386641
20170807,3220.60009766,3416.0,3190.0,3397.80004883,7.86258860136,26268.3460379,3305.57023824
20170808,3397.80004883,3489.0,3349.90991211,3421.84008789,11.1217291129,38028.4386476,3421.92041372
20170809,3422.27001953,3428.29003906,3232.62011719,3342.14990234,9.08079785752,30308.8015637,3345.33482547
20170810,3342.14990234,3448.0,3317.0,3444.20996094,6.47996334324,22062.202455,3394.39781325
20170811,3444.20996094,3725.0,3416.86010742,3656.95996094,10.6505976093,37822.1391236,3516.53363495
20170814,4060.4699707,4328.0,3985.01000977,4324.00976562,13.9249048898,58668.1719089,4177.3378067
20170815,4324.00976562,4434.41992188,3807.13989258,4159.93017578,22.2441198571,91906.0451486,4178.36425425
20170816,4159.93017578,4385.5,3928.82006836,4370.00976562,12.4766735503,52319.7551059,4171.65876041
20170817,4370.00976562,4469.0,4180.0,4280.00976562,13.8783937361,60150.7802143,4347.92641093
20170818,4280.00976562,4350.0,3960.4699707,4101.72998047,14.4605166092,60257.9797975,4231.41205766
20170821,4050.0,4089.98999023,3950.87988281,3996.5,8.62673511236,34693.784041,4029.72197096
20170822,3996.5,4145.0,3583.45996094,4085.5,15.2242277242,59430.6964708,3934.63170403
20170823,4085.5,4247.87988281,4058.26000977,4138.0,8.15965330733,33878.46904,4151.00025431
20170824,4138.00976562,4349.99023438,4112.75976562,4312.02978516,7.11580779303,29998.1539981,4197.51052077
20170825,4312.02978516,4453.89990234,4284.00976562,4360.0,7.5813798878,33084.9612661,4359.62698975
20170828,4343.99023438,4396.0,4200.0,4385.0,6.95832304664,30014.9466994,4311.30342238
20170829,4385.0,4649.85009766,4350.0,4600.0,9.85614149432,44503.5039704,4467.5586714
20170830,4600.00976562,4635.20996094,4500.54980469,4583.00976562,7.07192468347,32389.6354899,4582.587284
20170831,4583.00976562,4769.02978516,4580.85009766,4742.60986328,9.24791769205,43391.5023546,4678.32362874
20170901,4742.60986328,4947.97998047,4706.0,4947.89013672,11.5098332552,55555.9953715,4809.02875671
20170905,4477.5,4514.95019531,4242.37988281,4432.50976562,11.7670252676,51647.3945306,4394.67458869
20170906,4432.50976562,4692.0,4431.0,4616.16992188,10.986757877,50254.5660853,4584.98422309
20170907,4616.18017578,4665.43994141,4475.00976562,4624.18017578,5.85833751459,26871.3502707,4590.21778564
20170908,4624.18017578,4679.99023438,4140.0,4350.0,14.9066394651,65299.291641,4500.80907423
20170911,4249.95019531,4365.0,4111.14013672,4210.72021484,6.27350719018,26474.5219133,4221.71163805
20170912,4210.72021484,4375.37011719,4080.0,4153.79003906,8.35234334204,35261.4978152,4256.08233643
20170913,4153.79003906,4174.52978516,3726.0,3867.68994141,15.4188786292,60397.7476657,3933.59285583
20170914,3867.67993164,3923.0,3230.05004883,3252.40991211,24.3226959783,85226.7384509,3628.6677458
20170915,3251.0,3894.47998047,2975.01000977,3740.01000977,36.8208388194,126875.143843,3426.70967695
20170918,3717.43994141,4130.0,3714.88989258,4099.99023438,11.6476585697,46247.4436884,3953.83583645
20170919,4100.0,4125.22021484,3850.43994141,3910.77001953,9.27051526049,36786.6716584,3968.4278478
20170920,3910.7800293,4044.0,3850.01000977,3867.0300293,6.7104369956,26440.2599794,3941.34401381
20170921,3872.5,3903.57006836,3571.0,3617.76000977,10.0994598402,37772.1017179,3793.29464094
20170922,3617.70996094,3767.77001953,3509.79003906,3619.01000977,8.65061084068,31327.6958494,3629.69318593
20170925,3670.54003906,3969.37011719,3669.0,3921.17993164,6.44126499187,24866.922051,3824.68270806
20170926,3920.98999023,3960.0,3854.29003906,3885.09008789,4.04350428466,15840.8667415,3918.19359792
20170927,3885.09008789,4228.39013672,3880.36010742,4200.0,8.07826600876,33010.5036178,4037.41303864
20170928,4200.0,4269.95019531,4122.0,4189.41992188,5.3583216312,22441.5575333,4193.23356798
20170929,4189.41992188,4212.99023438,4015.16992188,4156.50976562,6.96666555865,28795.8356045,4142.89974416
20171002,4394.81005859,4470.0,4354.99023438,4392.70996094,5.8037251855,25551.1088454,4411.12259148
20171003,4392.70996094,4419.95019531,4242.41992188,4307.89013672,6.92796171435,29880.2537148,4317.51555481
20171004,4307.89013672,4344.0,4179.99023438,4214.83984375,4.2873998493,18194.5860423,4253.23720059
20171005,4214.83984375,4364.58984375,4150.00976562,4322.41015625,4.46003327516,19060.6019423,4257.86504076
20171006,4322.41015625,4407.0,4299.99023438,4363.0,4.36925414654,19062.2485214,4361.11270582
20171010,4769.56005859,4925.64990234,4701.52978516,4749.99023438,9.29576011876,44864.5433625,4816.80092434
20171011,4749.99023438,4869.97021484,4720.20996094,4814.99023438,5.0079581369,24028.2584657,4793.68733283
20171012,4814.97998047,5421.0,4809.68017578,5421.0,13.6555512898,70462.7952914,5111.42840373
20171013,5421.0,5867.0,5390.0,5624.87011719,17.9459084439,100850.001313,5615.77286106
20171016,5693.70019531,5785.29980469,5575.54980469,5754.89013672,6.06180768779,34496.7319273,5680.93054945
20171017,5754.89990234,5769.99023438,5525.0,5593.29980469,5.96955566287,33557.1608949,5632.99775899
20171018,5593.29980469,5600.0,5102.0,5575.0,11.8864911753,63992.6860986,5410.46236437
20171019,5575.0,5750.0,5529.43994141,5704.00976562,6.11638307827,34613.0263543,5656.60178426
20171020,5703.95996094,5704.00976562,5702.87011719,5704.00976562,2.09510439634,11949.7270508,5703.70092773
