Date,Open,High,Low,Close,Volume_(BTC),Volume_(Currency),Weighted_Price
20141031,36880.0,39310.0,36880.0,37510.0,0.159851918032,6151.20523721,37760.2155576
20141103,35840.0,38300.0,35840.0,35910.0,0.412350829968,15148.4593941,36524.2291667
20141104,35910.0,38300.0,35910.0,36490.0,0.345876594798,12833.5785838,36561.7096354
20141105,36490.0,40680.0,36490.0,40680.0,0.433543883053,16618.8450484,38840.9791667
20141106,40680.0,45000.0,38280.0,43340.0,0.429599531796,17767.3287134,40020.0659695
20141107,42170.0,43340.0,40020.0,41510.0,0.607580899194,25091.1508477,41354.4330729
20141110,41000.0,42500.0,41000.0,42320.0,0.0467989293936,1978.70991169,42273.0715929
20141112,42910.0,47500.0,42910.0,47500.0,0.357959038634,16184.683596,45660.2668457
20141113,47500.0,54720.0,45360.0,45360.0,0.381500224391,19685.1968832,51468.7818034
20141114,45440.0,49160.0,44760.0,48580.0,0.279388997201,13261.857326,47310.0236681
20141117,43580.0,49690.0,43580.0,47030.0,0.275027742524,13136.9905337,47771.9095513
20141118,47030.0,48600.0,45910.0,45910.0,0.104099159816,4878.43913798,46655.2208523
20141119,45910.0,48210.0,44520.0,47240.0,0.749621938576,34080.0633418,46500.0254123
20141120,47240.0,47240.0,44230.0,44730.0,0.417348391169,18762.4319534,45302.3885471
20141121,44730.0,44830.0,42760.0,43950.0,0.212154908343,9320.48653762,43955.1493245
20141124,44530.0,45980.0,43100.0,45980.0,0.403891542512,17791.2248959,44281.4236111
20141125,45980.0,48770.0,43960.0,45230.0,0.474296013258,22284.0918396,46641.7651286
20141126,45230.0,47130.0,44000.0,44000.0,0.128129988208,5851.88133121,44782.6333225
20141128,44010.0,46020.0,44010.0,45270.0,0.210620579047,9599.71292379,45530.2747396
20141201,47000.0,47830.0,45320.0,45320.0,0.225470334302,10466.7647818,46064.7055447
20141202,45320.0,47520.0,45320.0,45690.0,0.283012972198,13088.7634804,46241.9489204
20141203,45690.0,48190.0,45690.0,46440.0,0.206974663213,9801.67186351,46905.430013
20141204,46440.0,54980.0,45900.0,46500.0,0.31424152579,14702.0434433,46707.2419217
20141205,46500.0,48340.0,45000.0,46950.0,0.204928737205,9582.74981364,46644.0359294
20141208,46500.0,48190.0,45640.0,45870.0,0.459960652039,21469.5747244,46302.90912
20141209,45870.0,46490.0,43100.0,43100.0,0.20167697758,9088.59328296,44139.8469184
20141210,43100.0,53000.0,41590.0,43580.0,1.2967568125,56527.0574549,43617.1516195
20141211,42780.0,45840.0,42210.0,44190.0,1.66253786993,72955.5074853,43801.6997965
20141212,43350.0,46100.0,41965.0,44760.0,1.82610001105,80791.2091152,44017.8632134
20141215,43000.0,43980.0,42200.0,43290.0,0.510588940636,22020.1219281,43218.3266412
20141216,43290.0,43320.0,40300.0,40300.0,0.148185992743,6212.55939506,41415.4490397
20141217,40800.0,42900.0,37790.0,38500.0,0.281397532064,11412.9555655,40450.6741618
20141218,38500.0,43350.0,37500.0,39180.0,0.431471860094,16904.8177074,38994.3379747
20141219,38500.0,42970.0,38020.0,40080.0,0.654588541627,26031.1174866,39441.9738498
20141222,40400.0,41990.0,38990.0,41740.0,0.436823698346,17875.4053708,40853.6196452
20141223,41370.0,42150.0,41080.0,41210.0,1.04117670196,43014.1475342,41305.3541884
20141224,41210.0,42000.0,40500.0,41226.0,0.415931284788,17232.4121174,41368.8673204
20141226,40110.0,41130.0,40110.0,40520.0,1.51473698444,61268.5447245,40469.5972222
20141229,39420.0,39860.0,38000.0,39060.0,0.323740308691,12669.1633315,39123.6160346
20141230,39060.0,39890.0,37970.0,38870.0,0.230126425809,9037.44017627,38846.3988091
20141231,38870.0,39120.0,38070.0,38430.0,0.785576879921,30478.7660397,38677.3047526
20150102,38610.0,39730.0,38000.0,39730.0,0.507589741247,19476.2306135,38416.675217
20150105,32700.0,38030.0,32700.0,34880.0,0.611852647277,21560.6052657,35173.6886692
20150106,34880.0,36970.0,33630.0,35620.0,0.268462264583,9375.23597512,34610.6366781
20150107,35620.0,35890.0,34010.0,35710.0,0.585323146986,20622.8109854,35297.5317681
20150108,35710.0,36000.0,34540.0,34610.0,0.265660526857,9380.86881984,35194.4444444
20150109,34610.0,35510.0,33990.0,34930.0,1.58562425163,55246.7828069,34887.5275553
20150112,32810.0,33200.0,32040.0,33190.0,0.723024039308,23606.5048087,32720.0496596
20150113,33190.0,34340.0,28020.0,28940.0,0.707712463381,21851.7864426,29913.7797607
20150114,28940.0,28940.0,20000.0,21450.0,0.942359270795,23969.2792086,24125.3671346
20150115,21450.0,26570.0,21450.0,26070.0,0.989462555782,24578.9204256,24493.8881104
20150116,26070.0,26800.0,25090.0,25390.0,0.698939414153,18086.5323849,25824.6875
20150120,25210.0,25450.0,24400.0,24900.0,0.955113211338,23869.8002551,25067.6429782
20150121,24900.0,26840.0,24880.0,26840.0,0.524193937502,13130.2603711,25237.5543186
20150122,26840.0,28390.0,26800.0,27900.0,0.363590812542,10130.4505658,27753.5528524
20150123,27900.0,28250.0,26760.0,27550.0,1.8085556724,49809.0222981,27541.4238905
20150126,30130.0,36450.0,29860.0,31310.0,0.758161615666,25367.1333741,33172.7691406
20150127,31310.0,32530.0,30000.0,31520.0,0.736592935652,22801.5018384,30887.3821086
20150128,31500.0,32210.0,29320.0,29320.0,1.21372202926,37711.2200127,30760.2243083
20150129,29320.0,29690.0,26750.0,28380.0,1.57988957203,44696.2025212,28380.1454698
20150130,28380.0,29170.0,27410.0,27800.0,1.06154516978,29767.7915087,28211.5560805
20150202,26750.0,28250.0,26630.0,28050.0,0.771932058294,21212.1550556,27349.632723
20150203,27690.0,29100.0,27250.0,27270.0,0.795992259265,22639.3248291,28410.6416138
20150204,27270.0,27930.0,26130.0,26950.0,0.87422291539,23583.6759827,26892.8712511
20150205,26950.0,27450.0,25710.0,26060.0,0.911331043218,24245.0987727,26552.5120619
20150206,26060.0,27100.0,25880.0,26550.0,1.2838266904,33893.1764887,26441.9885471
20150209,26980.0,27250.0,26400.0,26930.0,0.767489365449,20508.7075303,26767.3984877
20150210,26930.0,26950.0,26030.0,26920.0,0.941704448943,24805.1131837,26487.4373996
20150211,26920.0,27181.0,26200.0,26790.0,0.891104932541,23966.717151,26871.763699
20150212,26790.0,27030.0,26350.0,26980.0,0.861045623736,23001.5435585,26751.4495728
20150213,26980.0,28790.0,26420.0,28650.0,0.834850729056,22916.3972533,27905.2139133
20150217,28600.0,29190.0,28000.0,28730.0,1.45867759754,41242.116379,28486.4804674
20150218,28730.0,29000.0,27620.0,28100.0,1.36173375063,38674.3232012,28464.8092597
20150219,28100.0,28700.0,27690.0,28700.0,0.800760139196,22574.9990845,28203.7695109
20150220,28700.0,29450.0,28160.0,29200.0,0.669185460222,19258.4564502,28862.7641005
20150223,28440.0,28550.0,28002.0,28540.0,0.926622804063,26115.3436418,28238.5240438
20150224,28540.0,28830.0,28135.0,28550.0,0.608438825389,17309.3116742,28467.2890964
20150225,28550.0,28630.0,28100.0,28470.0,1.18302662263,33567.1854299,28406.9443712
20150226,28470.0,28510.0,28180.0,28200.0,0.447665015167,12695.6861963,28338.7688192
20150227,28200.0,30930.0,28200.0,30580.0,0.955179246875,28398.3452213,29909.7942803
20150302,30920.0,33000.0,25090.0,33000.0,2.35046150983,72248.6515078,31449.0767253
20150303,33000.0,34300.0,32250.0,34210.0,1.14199780141,37782.1731115,33155.2172336
20150304,34210.0,34380.0,28200.0,32560.0,1.34751638462,45034.085823,33494.7342339
20150305,32560.0,33200.0,31980.0,33080.0,1.08260687869,35414.1329704,32573.5281114
20150306,33080.0,33690.0,32200.0,33000.0,0.722548616932,23804.4908282,32906.7168498
20150309,33100.0,35400.0,33020.0,35000.0,0.998014033239,33800.4535521,33982.5320258
20150310,35000.0,36400.0,35000.0,35810.0,1.06200709603,38062.4717253,35825.505325
20150311,35830.0,36080.0,35380.0,35840.0,1.34172168869,48043.5092552,35795.146715
20150312,35840.0,36680.0,35520.0,36230.0,1.28796266919,46673.7237694,36138.7485189
20150313,36230.0,36490.0,35500.0,35990.0,1.19096624505,42861.6225445,35977.8355469
20150316,34810.0,36570.0,34790.0,36430.0,0.532029839776,19057.5251405,36100.6172635
20150317,36430.0,36480.0,35690.0,35690.0,1.1030427939,39794.3601571,36142.2316867
20150318,35690.0,36090.0,31357.0,31620.0,1.80965373729,62524.9122392,34408.9153239
20150319,31620.0,33180.0,31080.0,32480.0,1.48358193482,47276.662993,31908.6690348
20150320,32480.0,33540.0,31800.0,32521.0,1.80376836673,58632.3991916,32533.7084215
20150323,32180.0,33000.0,32090.0,32540.0,1.09801067001,35745.011783,32524.1070435
20150324,32540.0,32660.0,29520.0,29880.0,2.78671649292,85879.0990072,31094.5429525
20150325,29880.0,30660.0,28820.0,29800.0,1.00128814533,30217.7626416,30222.469519
20150326,29800.0,30750.0,29450.0,29720.0,0.797546582887,24123.3869654,30332.2985365
20150327,30200.0,30570.0,29703.0,30230.0,1.17183678951,35200.6737926,30020.0033678
20150330,29310.0,30549.0,29100.0,30380.0,1.83618913375,55036.7696874,29992.6536825
20150331,30380.0,31740.0,29470.0,30170.0,1.1839727117,35970.4098018,30197.2282566
20150401,30170.0,30630.0,29200.0,30000.0,1.67067316107,49619.0246041,29765.8205539
20150402,29980.0,30670.0,29540.0,30401.0,1.40411277349,42288.3746959,30124.1123345
20150403,30401.0,30800.0,29940.0,30500.0,1.47406041476,44718.4470025,30365.4669868
20150406,30490.0,31500.0,30220.0,30700.0,1.90975817098,59199.8975699,30969.0198174
20150407,30700.0,30930.0,30290.0,30290.0,1.69229771905,51654.6925083,30496.4030287
20150408,30430.0,30750.0,29520.0,29800.0,1.37016790041,41379.723721,30223.7611369
20150409,29790.0,30340.0,29500.0,29700.0,2.03544783805,60648.5478351,29884.9217339
20150410,29714.0,29900.0,28500.0,28500.0,1.59644058859,46635.9450268,29117.4182007
20150413,28850.0,29290.0,27301.0,27338.0,1.14761365651,32871.1167058,28510.4866116
20150414,27328.0,27888.0,26490.0,26590.0,1.72558003768,46322.7666831,26902.5516805
20150415,26590.0,27650.0,26460.0,27400.0,1.2215931797,33280.063037,27340.0020454
20150416,27400.0,28570.0,27230.0,27860.0,0.694814456045,19383.2171304,27830.1198432
20150417,27860.0,28270.0,27400.0,27600.0,0.511488337232,14177.18929,27706.2504842
20150420,27500.0,27880.0,27300.0,27490.0,1.42004202399,39106.5103135,27595.6485392
20150421,27490.0,27980.0,27300.0,27960.0,1.08482081412,29954.7933236,27621.0494453
20150422,27960.0,28810.0,27900.0,28220.0,2.13453753903,60887.8375582,28544.2346395
20150423,28220.0,28720.0,28020.0,28451.0,1.00788564486,28679.7634533,28444.6000692
20150424,28451.0,28660.0,27640.0,28190.0,0.885619639456,24983.1090058,28234.9849135
20150427,27040.0,28000.0,26310.0,27750.0,1.33602515924,35817.2541,26858.1871148
20150428,27750.0,28110.0,26990.0,27220.0,1.74584338706,47951.6536051,27390.7185601
20150429,27220.0,27600.0,26930.0,27210.0,0.873287910925,23787.9083056,27255.7750597
20150430,27210.0,28644.0,26960.0,28530.0,1.09981221979,30556.4189604,27987.6929918
20150501,28530.0,28740.0,28210.0,28570.0,0.734643468127,20941.9605197,28509.3487386
20150504,29000.0,29000.0,28451.0,28700.0,2.68197450461,77732.2498146,28890.8198269
20150505,28700.0,28929.0,28000.0,28041.0,0.870083166633,24659.0863097,28408.1622884
20150506,28050.0,28630.0,27660.0,27730.0,0.948091665431,26938.9339006,28379.8515489
20150507,27730.0,28699.0,27600.0,28570.0,1.94841845787,54780.5034176,28011.3265801
20150508,28570.0,29390.0,28171.0,29100.0,1.27509290663,36639.6199077,28754.9853136
20150511,29100.0,29510.0,28840.0,29380.0,1.66231443573,48575.0293078,29276.2663805
20150512,29380.0,29850.0,29300.0,29790.0,2.09228133885,61799.3278441,29610.5275662
20150513,29790.0,29979.0,29000.0,29100.0,1.49224144215,44211.3387429,29600.0659058
20150514,29100.0,29280.0,28750.0,29010.0,1.85593506668,53858.1541708,29011.3567084
20150515,29010.0,29470.0,28770.0,29140.0,1.31550134939,38192.1141173,29178.6069132
20150518,29250.0,29340.0,28531.0,28890.0,1.03709470816,30176.574514,29155.0625502
20150519,28890.0,30549.0,28650.0,28900.0,1.39002933852,40220.9167499,28874.7658719
20150520,28900.0,29220.0,28700.0,29150.0,1.01177196592,29338.0538975,29028.089053
20150521,29150.0,29209.0,28550.0,28830.0,1.27380772169,36814.2305022,28864.9281182
20150522,28830.0,29970.0,28630.0,29970.0,1.30512004385,37719.9238155,28907.7393338
20150526,29140.0,29620.0,29000.0,29350.0,1.44716841778,42326.6720109,29273.5514771
20150527,29400.0,29749.0,28290.0,29532.0,1.07998663988,31704.4243427,29486.0655463
20150528,29532.0,29910.0,29431.0,29909.0,0.304599228131,9027.86223886,29649.2160034
20150529,29909.0,29909.0,29481.0,29799.0,0.351504461293,10399.5952744,29634.0281684
20150601,29051.0,29400.0,28450.0,28450.0,0.593086612075,17195.5737314,28821.3996474
20150602,28471.0,28728.0,28353.0,28617.0,1.28066102622,36470.6825399,28490.4174384
20150603,28617.0,28860.0,28371.0,28499.0,0.750380543263,21419.7086454,28502.9040351
20150604,28499.0,28799.0,28400.0,28501.0,1.00547867577,28767.9509376,28545.8146362
20150605,28501.0,28618.0,28300.0,28618.0,0.53417851784,15205.6604046,28511.3491442
20150608,28391.0,28800.0,28241.0,28800.0,0.56447035912,16122.5993115,28643.7353488
20150609,28799.0,29229.0,28707.0,28966.0,0.702725847843,20308.6422619,28893.9938911
20150610,28802.0,28966.0,28500.0,28755.0,1.38205553851,39818.7793028,28703.4881741
20150611,28755.0,28940.0,28529.0,28720.0,0.83948467228,24110.0733964,28762.0016005
20150612,28721.0,28940.0,28635.0,28831.0,0.856312195739,24683.9063382,28817.8686456
20150615,29151.0,29307.0,28930.0,29071.0,1.15305586324,33562.0015854,29068.3116781
20150616,29071.0,31290.0,29058.0,31111.0,1.71014222858,50416.8467931,29979.3627645
20150617,31129.0,32244.0,30970.0,30991.0,0.65490429315,20687.0029821,31552.0641629
20150618,31010.0,31485.0,30350.0,30848.0,1.18091921612,36429.905838,30854.7934326
20150619,30847.0,31486.0,30360.0,30460.0,1.25096747273,38484.6008437,30811.2314277
20150622,30321.0,31161.0,30270.0,30758.0,1.10671576493,33823.7377741,30577.3577271
20150623,30759.0,31000.0,30218.0,30478.0,0.558412954304,17079.0013939,30572.5030504
20150624,30477.0,30698.0,30080.0,30278.0,0.559396685874,16990.5295042,30365.8201131
20150625,30287.0,30666.0,30000.0,30040.0,0.91261697327,27574.0746102,30191.4524021
20150626,30090.0,30498.0,29999.0,30131.0,1.04995787394,31699.9281683,30170.199585
20150629,30871.0,32000.0,30801.0,31602.0,0.908333721649,28367.5560671,31289.6611192
20150630,31663.0,33540.0,31602.0,32919.0,1.18137437491,38653.6930775,32640.9046156
20150701,32919.0,33250.0,31451.0,32544.0,0.874318923856,28464.4286976,32224.6491265
20150702,32544.0,33190.0,31610.0,32165.0,3.00753222362,98437.3940401,32218.1654975
20150706,33861.0,35000.0,33181.0,33900.0,2.36833375305,80738.0894102,33996.1523058
20150707,33900.0,34180.0,32811.0,33397.0,2.06119521139,69001.8488381,33405.8064453
20150708,33397.0,34183.0,32745.0,33391.0,1.39152049146,46508.4541845,33411.1703369
20150709,33391.0,33919.0,33220.0,33500.0,1.17660939426,39378.7463193,33481.0416857
20150710,33500.0,37870.0,33250.0,35300.0,1.6361062774,57249.8405717,34803.673725
20150713,38800.0,39000.0,34900.0,36230.0,1.35004212638,50150.720705,36557.0877062
20150714,36230.0,37639.0,35833.0,36395.0,1.44785997423,52598.6545463,36311.6488417
20150715,36394.0,36649.0,35205.0,35244.0,1.25504852546,44998.2664253,35986.5208143
20150716,35230.0,36328.0,34210.0,34248.0,1.80713202921,63076.3542321,35052.6543783
20150717,34301.0,35034.0,34004.0,34664.0,3.00917456762,104121.339797,34591.6123671
20150720,34125.0,35086.0,34000.0,35086.0,0.903044513708,31285.857053,34599.1225586
20150721,35050.0,35600.0,34500.0,35047.0,2.37406421016,82568.7459664,34946.3073107
20150722,34667.0,35099.0,34106.0,34949.0,1.05634411942,36572.7572079,34663.148234
20150723,34949.0,35200.0,34333.0,34760.0,2.04306030921,70846.0593943,34732.3343533
20150724,34689.0,35695.0,34359.0,35486.0,2.09743818736,73455.7423377,35064.3346734
20150727,36210.0,36690.0,35592.0,36253.0,1.64689023972,59317.7437263,36107.5290853
20150728,36321.0,36999.0,36288.0,36480.0,2.09522031559,76615.6597404,36566.0313802
20150729,36480.0,36672.0,35762.0,35844.0,1.88854877701,68171.9732374,36173.1219808
20150730,35845.0,36324.0,35810.0,35905.0,2.25888799862,81283.347901,36013.5603
20150731,35905.0,36266.0,35180.0,35515.0,2.17334200139,77586.2996949,35708.1429389
20150803,34826.0,35496.0,34791.0,35100.0,2.37479548498,83459.0880832,35129.9633491
20150804,35158.0,35751.0,35001.0,35319.0,2.29268972185,81059.5789394,35411.5743435
20150805,35349.0,35999.0,35100.0,35444.0,1.59088447901,56346.4288349,35400.0808919
20150806,35444.0,35470.0,34667.0,34950.0,1.98492787134,69588.1514737,35046.8797526
20150807,34950.0,35300.0,34500.0,35207.0,2.01951362147,70563.6631976,34946.2253743
20150810,33300.0,33701.0,32895.0,33504.0,1.02705554302,34347.3806144,33430.7830729
20150811,33473.0,33916.0,33027.0,33916.0,2.54039061526,84791.6484382,33420.9081923
20150812,33916.0,34404.0,33544.0,33666.0,1.96214691569,66426.6736836,33803.1922662
20150813,33700.0,34188.0,33044.0,33302.0,1.41796273288,47394.1732462,33391.2465875
20150814,33302.0,33851.0,33108.0,33480.0,0.908054066054,30348.9344073,33426.2525472
20150817,32445.0,32667.0,32235.0,32329.0,1.34078112167,43413.2029154,32376.4409966
20150818,32340.0,32350.0,28980.0,28991.0,2.30313951527,72288.6497447,31922.4177517
20150819,28997.0,30052.0,28750.0,28903.0,2.19998819377,65115.4541343,29473.6292697
20150820,28903.0,30061.0,28857.0,29900.0,0.65890364538,19422.9468133,29538.2868503
20150821,29881.0,29900.0,28963.0,28983.0,1.47101679488,43003.0151598,29328.5279256
20150824,28674.0,28678.0,25721.0,25750.0,2.05442059818,55634.705039,27261.0350057
20150825,25749.0,28100.0,24322.0,27472.0,1.80032521793,46822.4576321,26514.6345066
20150826,27467.0,28749.0,27052.0,28130.0,0.903134763148,25260.5167194,27842.61258
20150827,28016.0,28808.0,27713.0,27804.0,1.21762076569,34205.1640704,28014.397229
20150828,27804.0,28974.0,27448.0,28649.0,0.916689002164,25871.418431,28141.9023451
20150831,28250.0,28752.0,27957.0,28378.0,1.4530702498,41181.0209767,28366.4960246
20150901,28618.0,28700.0,27732.0,27986.0,1.89911463545,53451.3399547,28170.2694838
20150902,28031.0,28363.0,27801.0,28296.0,2.0880477417,58710.1839009,28108.756623
20150903,28298.0,28366.0,27696.0,27787.0,1.71331873867,48118.2919894,27979.0434353
20150904,27787.0,28159.0,27674.0,28063.0,1.73092792207,48402.9791585,27948.5337565
20150908,29010.0,29597.0,28998.0,29471.0,2.1994680549,64511.3883479,29329.1342638
20150909,29472.0,29496.0,28899.0,29002.0,2.45248302046,71375.3987485,29171.8883925
20150910,29026.0,29358.0,28750.0,29221.0,0.983028554196,28542.4640269,29117.9481554
20150911,29202.0,29496.0,29190.0,29371.0,1.04361547068,30601.2492102,29330.693906
20150914,28280.0,28456.0,27820.0,28290.0,2.32121299183,65056.1716794,28148.4508002
20150915,28262.0,28401.0,27972.0,28135.0,1.48066856327,41694.6544188,28157.0597276
20150916,28135.0,28197.0,27661.0,27822.0,1.76324494021,49143.8651854,27929.5387573
20150917,27822.0,28618.0,27771.0,28278.0,1.26754131889,35673.5384997,28123.8411187
20150918,28278.0,28539.0,28045.0,28331.0,1.2672914048,35845.972087,28269.612462
20150921,27873.0,28078.0,27323.0,27375.0,1.35595840569,37435.2581733,27591.3617961
20150922,27375.0,28094.0,27204.0,27782.0,1.55150246085,42926.8335749,27593.1662788
20150923,27657.0,27989.0,27657.0,27811.0,0.997337023821,27705.1533806,27797.4322523
20150924,27821.0,28399.0,27737.0,28279.0,3.04600851959,85362.5616169,28068.5891262
20150925,28284.0,28850.0,28244.0,28509.0,1.42754595192,40821.8717649,28565.4003242
20150928,28269.0,28900.0,28204.0,28797.0,1.30312792524,37407.0169022,28683.2135674
20150929,28798.0,28917.0,28517.0,28680.0,1.33329589861,38317.1896947,28720.9883369
20150930,28643.0,29160.0,28622.0,28950.0,1.17944979156,34088.74265,28920.5468669
20151001,28830.0,29181.0,28736.0,28990.0,1.30263066061,37757.1695245,28972.2081624
20151002,28989.0,29194.0,28772.0,28990.0,1.52005709568,44080.7561979,28995.1225071
20151005,28988.0,29287.0,28896.0,29251.0,1.63525187619,47549.0575093,29079.5619697
20151006,29251.0,30000.0,29160.0,29858.0,1.22182001881,36036.2342297,29498.0148939
20151007,29858.0,29950.0,29452.0,29486.0,2.15256736897,63880.1181874,29728.8671455
20151008,29466.0,29684.0,29319.0,29424.0,1.34289379756,39599.3465422,29526.1973891
20151009,29424.0,29660.0,29365.0,29536.0,0.809384046096,23906.0784192,29544.7047133
20151013,29682.0,30178.0,29300.0,30025.0,1.95817491326,58280.2407675,29837.590507
20151014,30033.0,30600.0,29927.0,30400.0,1.31670014968,39779.9983043,30267.6034682
20151015,30400.0,30700.0,30170.0,30543.0,1.30697593924,39805.0939324,30444.0414578
20151016,30543.0,31950.0,30488.0,31484.0,1.38215191409,43005.5735622,31123.4279039
20151019,31605.0,31936.0,31549.0,31909.0,2.02365838287,64172.3610723,31744.843689
20151020,31909.0,32650.0,31734.0,32460.0,1.6359228949,52551.4617731,32115.8682848
20151021,32460.0,32865.0,31847.0,32176.0,1.52025073547,49080.0660834,32292.4979886
20151022,32175.0,33371.0,32110.0,33227.0,2.40060970399,78937.8829867,32747.6121853
20151023,33227.0,33750.0,33110.0,33622.0,1.56501408275,52362.0535514,33457.4996202
20151026,34570.0,34749.0,33801.0,34694.0,2.55733055011,88103.3518595,34429.6445068
20151027,34694.0,35862.0,34654.0,35460.0,1.77755044996,62664.9732488,35239.4243245
20151028,35460.0,37095.0,35460.0,36945.0,1.9410249714,70626.2419352,36322.3717421
20151029,36945.0,38439.0,36444.0,38051.0,3.00945066465,112405.894944,37413.8116265
20151030,38051.0,40500.0,37875.0,39760.0,4.99926131094,196102.959548,39252.7446452
20151102,39371.0,44614.0,38508.0,43593.0,4.10165335941,166007.204924,40527.0997125
20151103,43593.0,51190.0,43500.0,49047.0,3.45360731705,160247.016818,46601.3268066
20151104,49000.0,65233.0,44933.0,52998.0,3.93983697149,218799.172967,56241.8454074
20151105,52998.0,58749.0,45234.0,48300.0,2.02626650277,102870.522847,50338.3718262
20151106,48300.0,49451.0,44000.0,46549.0,1.77430413065,82347.9840526,46582.9457058
20151109,47154.0,48598.0,45450.0,47557.0,1.89428002049,89506.0968318,47304.1182563
20151110,47557.0,48150.0,41123.0,42173.0,4.60273055235,210105.724097,46073.449566
20151112,39096.0,43501.0,39090.0,42204.0,3.77427098254,156042.720774,41186.162009
20151113,42066.0,42684.0,40511.0,41920.0,2.66167574985,110509.913188,41610.1273166
20151116,39936.0,41499.0,39254.0,41200.0,2.48198433851,99911.0641522,40170.8179959
20151117,41209.0,42200.0,40902.0,41516.0,2.77694581278,115205.583103,41461.6149875
20151118,41481.0,41770.0,39000.0,41443.0,3.069269065,126718.688943,41275.2881483
20151119,41432.0,41561.0,40002.0,40200.0,3.40304329303,139727.718744,40914.6239475
20151120,40200.0,40331.0,38437.0,40043.0,2.79691587069,111029.924433,39676.356524
20151123,40273.0,40469.0,39655.0,39655.0,3.65478590291,146530.374533,40084.5235623
20151124,40100.0,40100.0,39202.0,39400.0,1.680382191,66593.5075468,39648.4425157
20151125,39400.0,40700.0,38800.0,40431.0,3.37985493372,134206.807114,39698.7455187
20151127,43600.0,44698.0,42631.0,44300.0,2.48600938578,109094.014155,43828.9343506
20151130,45715.0,47190.0,44799.0,46493.0,3.79128213348,175848.479581,46420.537576
20151201,46494.0,47000.0,43590.0,44613.0,3.78196071604,170855.424336,45240.9076497
20151202,44600.0,44822.0,42835.0,44262.0,4.24246727627,186113.570144,43829.808667
20151203,44244.0,45665.0,43756.0,44350.0,4.43662404139,197594.435919,44556.7534125
20151204,44371.0,44848.0,43502.0,44738.0,3.41039900568,151366.37448,44331.0159505
20151207,47701.0,49638.0,47246.0,48967.0,4.18630213755,204047.985095,48790.1547282
20151208,48967.0,51000.0,48001.0,51000.0,3.86575385262,189257.218085,48856.6989583
20151209,51000.0,51970.0,49618.0,51036.0,5.02201794386,257606.061211,51316.0548123
20151210,51036.0,51500.0,50129.0,50543.0,4.27020488176,216054.524267,50594.3215061
20151211,50543.0,55399.0,50500.0,55133.0,5.84204860269,307408.66576,52639.8716553
20151214,52437.0,54200.0,51800.0,53559.0,6.30450605834,336944.121693,53441.7186442
20151215,53559.0,56999.0,53558.0,56746.0,5.2997404966,293505.021935,55421.7434245
20151216,56722.0,56778.0,53545.0,55776.0,5.52446055196,308228.980351,55815.2449544
20151217,55776.0,56212.0,54880.0,55908.0,4.45029658495,247890.50746,55706.0451606
20151218,55910.0,56810.0,55600.0,56265.0,8.68836595801,486529.853336,56022.7873047
20151221,53627.0,53997.0,51415.0,53072.0,6.23065810555,329596.618578,52925.6508952
20151222,53055.0,53635.0,52471.0,52776.0,5.55051614227,294632.384028,53109.3715305
20151223,52885.0,53679.0,52754.0,53349.0,5.52710091849,293764.237771,53186.4261149
20151224,53349.0,55174.0,53349.0,54848.0,4.88724948707,267242.628811,54722.5748644
20151228,50785.0,51674.0,50101.0,50601.0,6.82579858721,348450.456845,51048.9607503
20151229,50600.0,52000.0,50423.0,52000.0,5.96565376084,304379.421428,51071.6773085
20151230,51998.0,52267.0,50767.0,51117.0,5.68401524509,293157.108157,51553.4556098
20151231,51117.0,51895.0,50220.0,51599.0,5.50467612777,281236.46007,51088.1035292
20160104,51552.0,51939.0,51230.0,51739.0,4.27739896176,220508.896357,51556.7994168
20160105,51742.0,51910.0,51111.0,51519.0,3.95459923104,203968.039752,51563.0122287
20160106,51519.0,51519.0,50699.0,51159.0,4.31790738224,220888.219707,51149.6127062
20160107,51159.0,54174.0,50776.0,54083.0,6.21773532888,328464.390428,52938.9755805
20160108,54001.0,54900.0,52788.0,53359.0,5.66361440345,304946.81169,53771.9183295
20160111,52588.0,53094.0,52081.0,52999.0,4.77237648472,251137.223927,52688.2952772
20160112,52999.0,52999.0,50613.0,50693.0,6.17225680475,324359.3651,52545.2046549
20160113,50693.0,51231.0,49619.0,51050.0,4.13880564942,209963.162833,50796.3735135
20160114,51056.0,51471.0,50541.0,51093.0,4.46604486274,227924.964377,51051.6365533
20160115,51093.0,51093.0,22500.0,41500.0,6.27248382016,302275.298153,48077.2585992
20160119,45646.0,46140.0,44910.0,45198.0,2.75553077998,125635.918771,45508.8249186
20160120,45162.0,49590.0,44691.0,49179.0,4.80715573032,225043.386078,46593.0053467
20160121,49053.0,49831.0,48136.0,48595.0,2.94515755329,144235.217207,48907.3531738
20160122,48595.0,48595.0,44438.0,45389.0,2.98114185671,138695.20745,46564.96183
20160125,47872.0,47875.0,46288.0,46622.0,2.58259892692,121831.745139,47106.3751356
20160126,46622.0,47329.0,46301.0,46620.0,2.33773474869,109262.201401,46725.3553304
20160127,46626.0,47151.0,46491.0,46715.0,2.68469001714,125742.358922,46808.9436144
20160128,46714.0,46877.0,45000.0,45175.0,6.00728004107,275503.276115,45637.5284722
20160129,45166.0,46800.0,43596.0,46186.0,4.56844798057,207339.171392,45603.3214545
20160201,45101.0,45900.0,44872.0,45262.0,5.35370415219,243225.678192,45394.2385932
20160202,45262.0,45498.0,45030.0,45222.0,5.47939029217,248125.134062,45267.9549967
20160203,45222.0,45433.0,44100.0,44372.0,4.12428233215,185292.896842,44881.9527968
20160204,44377.0,46250.0,44330.0,45963.0,3.64287961933,164748.896769,45070.8380615
20160205,45963.0,46040.0,45288.0,45405.0,3.71595353042,169654.877905,45625.6749159
20160208,44428.0,44772.0,43980.0,44017.0,4.24709125606,188925.069763,44475.449943
20160209,44017.0,44158.0,43321.0,43877.0,4.4985389139,196640.292911,43748.9302029
20160210,43877.0,44900.0,43642.0,44114.0,4.04378090057,178774.637252,44122.645402
20160211,44117.0,44176.0,42838.0,43337.0,4.71558137519,205129.782345,43445.7803874
20160212,43344.0,44075.0,43220.0,44045.0,5.09986896532,222854.501545,43719.2738878
20160216,45891.0,46695.0,45891.0,46660.0,5.05700687011,233906.905456,46291.7743381
20160217,46660.0,48370.0,46423.0,48037.0,6.18088549542,292787.98068,47547.0404785
20160218,48037.0,49317.0,47777.0,48620.0,5.08676088954,247183.979648,48542.8908583
20160219,48627.0,48638.0,47775.0,48156.0,5.144023241,247750.319281,48175.4082275
20160222,50076.0,50498.0,49417.0,50302.0,7.91279142411,395664.917157,50060.836377
20160223,50302.0,50360.0,47625.0,47861.0,8.44089386114,415772.70567,48827.6041558
20160224,47861.0,48140.0,46500.0,48099.0,5.3706305854,255997.05167,47703.6668484
20160225,48099.0,48552.0,47600.0,48334.0,5.64191672112,271287.775633,48080.9994331
20160226,48342.0,49850.0,47770.0,49850.0,6.43901708847,312929.036001,48678.1529215
20160229,49679.0,50477.0,49372.0,50017.0,7.4020140439,370095.218099,49981.5012804
20160301,50018.0,50277.0,47232.0,49877.0,5.10949395256,253779.314948,49744.3892931
20160302,49872.0,49950.0,48358.0,48404.0,5.77286252725,286044.931243,49521.650944
20160303,48500.0,48980.0,48000.0,48319.0,6.77861560366,329093.030698,48549.7723497
20160304,48318.0,48831.0,47004.0,47150.0,5.74809399378,278109.5387,48340.7110867
20160307,46824.0,47695.0,46495.0,47445.0,3.46624269609,163449.717176,47127.5603923
20160308,47445.0,47700.0,46819.0,47064.0,3.63957544247,171776.65518,47176.0183892
20160309,47055.0,47466.0,46632.0,47133.0,4.30053330313,201792.839062,46978.3818007
20160310,47151.0,47978.0,46966.0,47564.0,4.39854235717,208929.133793,47385.142277
20160311,47564.0,48594.0,47322.0,48236.0,4.33907794197,208413.12507,48124.3892904
20160314,47318.0,48000.0,47318.0,47799.0,5.03600301964,239840.428807,47600.1653944
20160315,47799.0,48052.0,47339.0,47712.0,4.03404127152,192670.868386,47741.9990587
20160316,47712.0,48038.0,47583.0,47807.0,4.49037391314,214513.482016,47753.9857503
20160317,47831.0,47943.0,47323.0,47463.0,4.11963956376,196140.334241,47596.6697266
20160318,47463.0,47470.0,46000.0,46474.0,5.7889870117,270370.07633,46754.6364556
20160321,46616.0,46649.0,46096.0,46614.0,2.36581292381,109785.17283,46444.9591309
20160322,46607.0,47212.0,46404.0,47083.0,4.06842210003,190864.774181,46928.6330078
20160323,47082.0,47550.0,47070.0,47475.0,4.39296423133,208423.902445,47419.5834364
20160324,47475.0,47677.0,47386.0,47506.0,3.60253259656,171197.559284,47517.4601752
20160325,47506.0,47800.0,47311.0,47770.0,4.20178619519,200161.880386,47664.5551215
20160328,49056.0,49173.0,48735.0,48914.0,6.23337014565,305237.547634,48940.3672607
20160329,48914.0,49200.0,47091.0,47985.0,6.36960807461,309303.34641,48482.6230496
20160330,47985.0,47985.0,47110.0,47549.0,4.44757813755,211034.575698,47456.0528429
20160331,47514.0,47946.0,47211.0,47384.0,4.33474573795,205399.424762,47426.0162218
20160401,47384.0,47575.0,47217.0,47415.0,5.19671541532,246556.598641,47453.1537842
20160404,47521.0,47605.0,47288.0,47351.0,6.16516454138,292631.270743,47439.2206787
20160405,47351.0,47646.0,47027.0,47566.0,7.21555752879,342738.199111,47504.1267768
20160406,47559.0,47693.0,47038.0,47296.0,7.01429875265,331901.188115,47351.4854628
20160407,47296.0,48000.0,46433.0,46547.0,6.07825842688,284600.93183,46757.302927
20160408,46547.0,47000.0,46001.0,46255.0,6.0807686747,283649.570438,46664.5856798
20160411,46230.0,46900.0,45833.0,46085.0,7.17799534599,331542.383549,46133.9114909
20160412,46081.0,47815.0,46079.0,46607.0,5.89854522606,274446.074145,46467.3870687
20160413,46607.0,46713.0,46408.0,46475.0,6.26262268323,291517.350968,46546.045185
20160414,46475.0,46652.0,46402.0,46560.0,6.05466941369,281543.597604,46505.1161241
20160415,46560.0,47167.0,46494.0,47016.0,5.91021253528,276981.223343,46865.8627821
20160418,46680.0,46850.0,46535.0,46850.0,5.47924183096,255675.444684,46658.4294542
20160419,46850.0,47690.0,46719.0,47638.0,5.32641993174,249690.984772,46875.7865234
20160420,47638.0,48665.0,47299.0,48319.0,5.36397484044,256674.298269,47828.6197401
20160421,48327.0,49609.0,48276.0,49402.0,6.80186103893,331816.48575,48782.7427626
20160422,49402.0,49888.0,48823.0,49841.0,5.36646323065,265167.469917,49453.5863661
20160425,51535.0,52194.0,50425.0,51299.0,4.63467869281,237981.222932,51232.0028863
20160426,51299.0,52200.0,51132.0,51882.0,5.68520840711,293936.114053,51608.0431749
20160427,51882.0,52065.0,49746.0,50012.0,7.31705141732,373622.912911,51205.3634223
20160428,49992.0,49993.0,48231.0,49301.0,6.38138097553,312524.738627,48896.8729763
20160429,49301.0,49341.0,48501.0,49090.0,4.64940355754,227110.334438,48843.1272054
20160502,48299.0,48490.0,46856.0,47684.0,3.6572723333,174496.931061,47809.681977
20160503,47684.0,48500.0,47184.0,48442.0,3.16183045071,150947.59124,47765.9584717
20160504,48442.0,48499.0,47865.0,48070.0,4.35923609855,210090.173693,48210.9525255
20160505,48070.0,48406.0,48063.0,48247.0,3.94276578786,190079.347806,48219.8565023
20160506,48247.0,49537.0,48155.0,49395.0,3.56991858268,173174.605647,48563.5555094
20160509,49264.0,50141.0,49112.0,49692.0,3.86497465141,191546.128519,49523.499509
20160510,49692.0,50153.0,48981.0,49240.0,4.120064215,204443.143571,49612.8767714
20160511,49240.0,49464.0,48942.0,49149.0,4.63578829439,228409.226434,49263.4520128
20160512,49149.0,49744.0,48780.0,49618.0,4.04495698626,199010.137504,49208.1063694
20160513,49618.0,49938.0,49337.0,49625.0,3.57734990773,177669.539275,49642.110791
20160516,49697.0,49897.0,49180.0,49421.0,5.85974616329,291195.681104,49700.6571994
20160517,49420.0,49539.0,49354.0,49354.0,4.64243076944,229633.739823,49457.4993869
20160518,49354.0,49837.0,49286.0,49667.0,5.75705956546,285633.522547,49586.3191976
20160519,49667.0,49808.0,48145.0,48145.0,5.80844545656,286750.684086,49362.1317166
20160520,48145.0,48968.0,48053.0,48764.0,4.35838502271,212602.861698,48745.2072591
20160523,48361.0,48698.0,48156.0,48684.0,4.82510207742,233929.867822,48485.9495741
20160524,48684.0,49344.0,48599.0,49108.0,3.34983477222,163848.963958,48906.7112874
20160525,49108.0,49701.0,49100.0,49555.0,5.38379949958,265944.969272,49385.0727756
20160526,49554.0,50054.0,49158.0,49918.0,3.21796060871,159715.570486,49656.4563965
20160527,49918.0,52832.0,49918.0,52141.0,7.33906922254,381477.613084,52002.7678657
20160531,59654.0,60990.0,58001.0,59480.0,9.3109236728,557753.442006,60041.2092719
20160601,59479.0,59899.0,58500.0,59301.0,5.27815828697,312481.743306,59201.1556017
20160602,59306.0,59678.0,58650.0,59150.0,4.86350140484,287210.127136,59064.5260607
20160603,59153.0,61628.0,59000.0,61247.0,6.47784621457,392019.411949,60303.6827989
20160606,61633.0,63090.0,61578.0,63089.0,6.56476546889,410859.779329,62626.8318414
20160607,63089.0,63700.0,61335.0,62603.0,5.7461668391,359835.413763,62794.7843804
20160608,62603.0,62782.0,61512.0,62781.0,5.44987143795,338918.145634,62193.5612223
20160609,62781.0,62781.0,61500.0,61894.0,4.20824855557,261195.662069,62040.4077094
20160610,61894.0,62497.0,61717.0,62209.0,3.9578051314,245477.964933,62034.4482558
20160613,72595.0,76982.0,72000.0,75754.0,9.0910625839,678434.094846,74655.8749403
20160614,75754.0,75840.0,71756.0,73961.0,6.17624853718,457503.243812,74224.9123101
20160615,73961.0,74683.0,72356.0,74620.0,5.26523608095,388416.161823,73797.3780382
20160616,74620.0,82500.0,74620.0,81891.0,11.8745239418,929890.065276,78607.4219727
20160617,81890.0,83000.0,77794.0,79631.0,7.91935405384,636664.065412,80269.8587023
20160620,80529.0,80888.0,77605.0,78167.0,5.66214391149,450012.103495,79649.9602051
20160621,78169.0,78169.0,46000.0,69377.0,13.5749561777,956961.205834,71209.7176866
20160622,69466.0,71846.0,61895.0,64031.0,15.161679536,1024757.43155,68584.6812066
20160623,63519.0,68164.0,58200.0,66957.0,13.2277548913,825592.378356,62808.7849691
20160624,66987.0,70787.0,66124.0,68913.0,10.3692311191,707882.695552,68269.020421
20160627,64687.0,67099.0,63601.0,67098.0,4.99037413553,325722.61289,65386.6441705
20160628,67099.0,67620.0,65516.0,66961.0,3.56849070326,238203.619047,66742.8912272
20160629,66961.0,66999.0,64269.0,66371.0,3.60175258045,237053.852667,65913.123253
20160630,66371.0,70350.0,66000.0,69950.0,4.48762805811,305634.668979,67981.9628201
20160701,70017.0,71777.0,69564.0,70465.0,3.7476563328,264668.159822,70559.8547309
20160705,71311.0,71367.0,67986.0,68895.0,3.05360729876,212718.168179,69540.5937663
20160706,68895.0,69792.0,68000.0,68964.0,2.34223469504,161254.596411,68797.8056586
20160707,68986.0,69363.0,61274.0,65025.0,6.36259835499,413772.240252,65367.8991319
20160708,65025.0,67593.0,63997.0,67593.0,5.29481866572,346864.642623,65398.2162164
20160711,65441.0,66693.0,65330.0,66383.0,2.75187885447,181901.451916,66143.9103461
20160712,66383.0,70677.0,66145.0,69366.0,3.94013663511,268998.358436,68069.7200087
20160713,69366.0,70036.0,68000.0,68001.0,3.92967792898,271792.857412,69229.3197374
20160714,68000.0,69906.0,67500.0,69187.0,4.16996295433,287821.306139,69112.3231283
20160715,69210.0,70748.0,67665.0,69708.0,3.22378718916,225655.910633,70023.7389648
20160718,71821.0,73712.0,70754.0,71533.0,3.77230838953,271023.642638,71734.468929
20160719,71533.0,71809.0,70823.0,71719.0,2.01359108036,143513.296276,71281.2770562
20160720,71705.0,71705.0,70800.0,71380.0,2.52551004203,180107.887054,71352.0148383
20160721,71374.0,71400.0,70228.0,70536.0,2.38961183932,169110.73868,70781.0171712
20160722,70536.0,70800.0,68600.0,69116.0,3.53054014964,247133.050309,70154.7342936
20160725,70220.0,70503.0,69257.0,69425.0,2.87960485275,200943.368764,69809.775255
20160726,69425.0,69491.0,67904.0,68706.0,3.57430578084,245044.115337,68701.2619141
20160727,68649.0,69704.0,68444.0,68994.0,2.08532153826,143875.521104,69055.5976997
20160728,68994.0,69200.0,68508.0,68700.0,2.00121975301,138047.27139,68984.9278429
20160729,68700.0,68898.0,67705.0,67711.0,2.57465998646,175608.024197,68220.9237576
20160801,64072.0,64500.0,62161.0,62303.0,3.84398332797,245030.862512,63773.1566135
20160802,62443.0,63301.0,46464.0,53422.0,10.440050827,610669.151237,60470.76942
20160803,53422.0,58208.0,53000.0,58080.0,8.42814745862,471909.005405,56002.6345323
20160804,58080.0,59828.0,57519.0,58467.0,4.31622838373,252594.390662,58414.3525146
20160805,58467.0,59196.0,57900.0,58765.0,2.64468298114,154776.587059,58461.1233643
20160808,60854.0,61375.0,60334.0,61154.0,2.7705499607,169027.816349,61024.4097711
20160809,61152.0,61499.0,60201.0,60619.0,7.17635643855,437756.744831,60895.1086589
20160810,60618.0,61839.0,60304.0,60896.0,4.41993195025,269200.595333,60896.3228271
20160811,60885.0,61052.0,60180.0,60363.0,2.53724358904,153697.394411,60620.7511936
20160812,60363.0,60738.0,60002.0,60155.0,2.8436929326,171460.107997,60288.7852295
20160815,58630.0,58930.0,57229.0,58081.0,3.1000947547,180729.752167,58366.3777995
20160816,58086.0,58664.0,57110.0,57907.0,3.41208502874,197760.080127,57933.2033013
20160817,57901.0,58900.0,57724.0,57989.0,3.5850682401,208847.674359,58243.6376411
20160818,57966.0,58700.0,57749.0,57826.0,3.15694572765,183605.18434,58131.0061795
20160819,57826.0,59059.0,57800.0,58338.0,3.57787582469,208563.873648,58154.9730469
20160822,58450.0,59558.0,58450.0,59244.0,2.42651301549,142861.044108,58936.7046821
20160823,59243.0,59465.0,58333.0,58736.0,2.75916552244,163150.91446,58943.9510634
20160824,58741.0,58800.0,58201.0,58248.0,2.57446429832,150658.780327,58493.487188
20160825,58248.0,58288.0,57757.0,58039.0,1.84192845736,106874.371849,58029.1885335
20160826,58039.0,58742.0,58016.0,58725.0,2.93785872848,171753.192943,58436.2891439
20160829,58304.0,58783.0,58304.0,58537.0,2.858215919,167372.353725,58550.7386475
20160830,58537.0,59667.0,58512.0,59579.0,3.00438839531,177339.068428,59056.2440945
20160831,59580.0,59678.0,59000.0,59412.0,2.31164377065,137050.491433,59269.8876411
20160901,59417.0,59548.0,59076.0,59202.0,3.44706845766,204410.394527,59297.0006619
20160902,59202.0,59586.0,59071.0,59484.0,2.95532174131,175547.905563,59357.80727
20160906,62861.0,63307.0,62300.0,62406.0,3.96636873645,249087.514065,62783.6462185
20160907,62406.0,62939.0,62127.0,62890.0,2.75891127331,172242.950354,62476.2615777
20160908,62890.0,63816.0,62663.0,63773.0,2.46958716388,156467.672932,63373.768202
20160909,63773.0,64287.0,63700.0,64215.0,2.74211150419,175303.390319,63977.4084337
20160912,62458.0,62761.0,61941.0,62284.0,2.5236889959,157402.720994,62323.7709283
20160913,62279.0,62808.0,62100.0,62575.0,2.10090406012,130892.765881,62400.376454
20160914,62575.0,62947.0,62566.0,62754.0,2.46509985897,154735.898382,62789.8331245
20160915,62754.0,62836.0,62368.0,62516.0,2.22210977089,139243.572668,62674.734318
20160916,62516.0,62751.0,62493.0,62637.0,1.79373799025,112331.600088,62616.198584
20160919,62831.0,62910.0,61900.0,62075.0,1.44004830699,89848.5708673,62340.1427734
20160920,62075.0,62336.0,61802.0,61802.0,2.43010663136,150983.183561,62096.0346625
20160921,61701.0,61701.0,60109.0,60421.0,2.880115481,174777.883045,60612.7810845
20160922,60421.0,60558.0,60137.0,60300.0,1.84166317968,111078.973877,60340.7811659
20160923,60311.0,61469.0,60228.0,61288.0,3.08742044472,187713.023651,60861.9145481
20160926,60765.0,61430.0,60690.0,61310.0,3.26872919296,199452.404897,61081.9375054
20160927,61304.0,61599.0,61000.0,61151.0,2.9654917141,181594.475124,61223.040313
20160928,61151.0,61263.0,60945.0,61160.0,2.91552669459,178216.110372,61110.2932699
20160929,61160.0,61563.0,61100.0,61295.0,2.13267635327,130793.951208,61317.249943
20160930,61307.0,61987.0,61158.0,61978.0,2.55273079479,156549.038715,61371.9171902
20161003,61965.0,62394.0,61958.0,62394.0,2.75444819411,171399.112651,62238.5388482
20161004,62324.0,62851.0,62201.0,62826.0,3.1718475015,198426.205647,62539.4434109
20161005,62826.0,63510.0,62754.0,63461.0,2.42263495467,152755.231085,63169.2738146
20161006,63461.0,63909.0,63310.0,63605.0,2.06525527426,131448.576202,63710.0443332
20161007,63630.0,64305.0,63441.0,63951.0,3.00533386582,192268.085701,63982.9021457
20161011,63914.0,67234.0,63791.0,66242.0,4.2974488418,281588.166448,65519.0517253
20161012,66248.0,66861.0,66070.0,66522.0,2.95212646952,195960.898949,66472.6759983
20161013,66522.0,66692.0,66013.0,66263.0,1.00215184952,66610.930249,66360.4263997
20161014,66250.0,67000.0,66243.0,66899.0,0.922099201714,61484.6301615,66684.9811035
20161017,67049.0,67239.0,66854.0,67063.0,2.94971414381,197819.97163,67052.5262099
20161018,67063.0,67249.0,66566.0,66943.0,3.23581069778,216775.229617,66986.2954861
20161019,66943.0,67000.0,65342.0,65869.0,3.43247731674,227494.622501,66299.4889648
20161020,65869.0,66137.0,65450.0,65822.0,1.48806938053,97899.8735845,65765.1096788
20161021,65822.0,66399.0,65795.0,66399.0,2.01147934171,133195.061757,66207.8585503
20161024,68415.0,69013.0,68108.0,69013.0,3.29792809709,226374.182372,68703.1395996
20161025,69013.0,70307.0,68937.0,69072.0,4.33195006109,300247.200576,69304.3643772
20161026,69072.0,71872.0,69068.0,71774.0,3.74312343683,262707.476996,70268.6461317
20161027,71798.0,74878.0,71569.0,73233.0,3.68409351647,267495.016748,72556.7221734
20161028,73230.0,73744.0,73127.0,73390.0,3.85645731173,283043.362753,73426.6626194
20161031,74373.0,75776.0,72718.0,74795.0,4.47400619724,333956.238251,74767.7859266
20161101,74780.0,78023.0,74780.0,77252.0,4.29008717524,328895.739874,76805.5322483
20161102,77236.0,77999.0,75787.0,77999.0,4.22974064316,323512.202818,76493.417844
20161103,77999.0,78368.0,69323.0,71649.0,4.80161685044,357748.903922,75792.5363824
20161104,71622.0,74020.0,70935.0,73338.0,4.54895133287,331957.331688,72948.304248
20161107,74718.0,74718.0,73376.0,74233.0,4.06074886985,300931.561758,74110.8418566
20161108,74258.0,75463.0,74039.0,74936.0,3.26212626529,243378.716958,74629.9702745
20161109,74904.0,77254.0,73805.0,77196.0,5.30081356713,402640.587501,76074.5826769
20161110,77196.0,77203.0,76054.0,76940.0,2.97366157982,227961.518353,76668.2971029
20161114,75850.0,77000.0,75500.0,76856.0,3.25602411018,248920.698798,76491.3181424
20161115,76856.0,77993.0,76671.0,77502.0,3.63838322506,280832.47821,77238.2683322
20161116,77584.0,81589.0,77300.0,81170.0,5.1551905727,409695.657639,79013.4747613
20161117,81168.0,83138.0,81062.0,82021.0,4.78403283929,393918.787406,82262.2319499
20161118,82021.0,83300.0,81768.0,83300.0,3.1825849654,262698.261317,82589.2380859
20161121,81894.0,82999.0,81732.0,82843.0,3.81842003435,314294.893117,82439.6202745
20161122,82843.0,84934.0,82600.0,84474.0,3.30043211837,275704.939405,83652.0955458
20161123,84491.0,84664.0,82887.0,84464.0,2.9001002979,243582.894307,84047.5164876
20161125,84780.0,85200.0,84150.0,85116.0,3.74326966603,317709.418501,84880.8992133
20161128,84503.0,85050.0,84376.0,84567.0,3.52416168432,298406.476514,84666.3900499
20161129,84567.0,85389.0,84542.0,85103.0,5.1004342342,433463.438662,85013.4910536
20161130,85103.0,87600.0,85000.0,87585.0,7.0189997766,607112.42074,86604.27602
20161201,87584.0,89367.0,87485.0,89000.0,5.23002959235,462458.781291,88474.1107856
20161202,89000.0,94293.0,88900.0,93064.0,7.19890179993,664058.175636,92092.7088867
20161205,91980.0,92631.0,91000.0,92179.0,5.14259899932,471673.848099,91726.5768121
20161206,92179.0,93500.0,91346.0,92186.0,5.42914584988,501781.845827,92402.3716037
20161207,92200.0,92949.0,89212.0,90298.0,5.36344548289,485447.0456,90444.4557183
20161208,90298.0,90862.0,89145.0,89944.0,4.64990805835,418757.315986,90058.3415202
20161209,89943.0,92500.0,89676.0,90450.0,4.00138401549,361081.829527,90224.0954373
20161212,90429.0,91909.0,90337.0,91909.0,4.37793307881,399763.971666,91365.5887153
20161213,91909.0,92202.0,91206.0,91870.0,4.26032357891,391126.476962,91851.2608019
20161214,91870.0,92500.0,90607.0,91749.0,3.97991168265,364357.350093,91531.9712077
20161215,91749.0,92990.0,91510.0,92940.0,3.72889469036,344525.929871,92480.799056
20161216,92939.0,93951.0,92789.0,93600.0,4.30660381973,402632.060743,93550.4296332
20161219,93878.0,97123.0,93801.0,94087.0,5.18979439558,489719.49145,94328.4923665
20161220,94087.0,95989.0,94015.0,95989.0,4.91262648535,466965.625287,95173.1750326
20161221,95978.0,101000.0,95890.0,100724.0,6.16168607877,604131.967942,98010.4075846
20161222,100764.0,109871.0,100500.0,105195.0,9.71093016955,1022379.2808,105310.708431
20161223,105195.0,114341.0,105140.0,110248.0,5.88249053037,642373.037624,109199.723682
20161227,108422.0,113353.0,108157.0,111922.0,8.84267581029,981615.664486,111017.069325
20161228,112149.0,118753.0,112045.0,118749.0,8.00798839645,931528.434276,116571.270128
20161229,118563.0,121000.0,114004.0,117401.0,9.10907527092,1071658.94871,117377.44553
20161230,117346.0,118092.0,112750.0,116726.0,5.27805436506,609665.885329,115718.470139
20170103,122315.0,123665.0,121450.0,123600.0,3.75346568179,460466.133082,122627.851492
20170104,123610.0,145000.0,123610.0,143996.0,13.8818810028,1825028.56956,131388.435004
20170105,143996.0,152900.0,99709.0,122499.0,25.0686282476,3360031.80922,130243.55912
20170106,122450.0,138800.0,101000.0,111505.0,14.7415585007,1724663.45243,115387.980214
20170109,108862.0,109220.0,103874.0,105839.0,4.25318294048,450607.290394,106049.65682
20170110,105544.0,108497.0,105502.0,107103.0,4.59627179639,492101.507964,107050.893864
20170111,107103.0,109215.0,88306.0,89755.0,13.8415638381,1361532.73259,99988.5455404
20170112,89755.0,96399.0,81275.0,92571.0,8.98853073833,804841.200312,90018.1503472
20170113,92571.0,96823.0,90561.0,95160.0,6.66717986807,622804.249717,93503.871799
20170117,95979.0,104998.0,95800.0,103916.0,8.17370798461,822363.408532,100597.603651
20170118,103780.0,105307.0,96054.0,102912.0,7.7948630245,788771.11524,101564.446908
20170119,102920.0,103500.0,100646.0,102700.0,4.89454495392,500095.101913,102252.08744
20170120,102700.0,103664.0,101832.0,103090.0,4.17737783188,429468.376034,102852.114795
20170123,106612.0,109800.0,104652.0,104800.0,4.63537753595,489561.309507,105379.723085
20170124,104822.0,105500.0,101200.0,102808.0,6.3343643301,656908.519337,103890.341081
20170125,102735.0,103469.0,101500.0,102304.0,4.89282302984,501300.382068,102421.263921
20170126,102284.0,105628.0,102284.0,105535.0,4.61321232805,479325.095952,103896.242377
20170127,105535.0,106450.0,104978.0,105686.0,3.01890131608,319206.193127,105727.330474
20170130,105806.0,106696.0,105306.0,105779.0,2.60171081486,275757.807763,105953.021349
20170131,105779.0,109778.0,105500.0,109353.0,5.37595681882,577983.261881,107191.268338
20170201,109353.0,113573.0,109353.0,112822.0,6.78433631726,759632.409263,111980.859912
20170202,112890.0,116666.0,112847.0,116577.0,5.99772388389,684577.560421,114110.723877
20170203,116578.0,119666.0,114913.0,117595.0,8.0103993146,941741.23713,117276.200879
20170206,117220.0,119812.0,116813.0,117510.0,4.03723071056,474695.936194,117511.832362
20170207,117511.0,120500.0,117374.0,120494.0,5.12963688912,609351.989791,118919.499761
20170208,120500.0,123454.0,117655.0,122479.0,9.67732660203,1172085.63269,121506.585579
20170209,122445.0,123500.0,98450.0,115398.0,18.1178591522,2077139.63965,117697.483187
20170210,115390.0,115934.0,109128.0,113535.0,9.55038554156,1073489.58064,112347.915337
20170213,114540.0,117499.0,112500.0,115740.0,6.69187490854,772494.448067,115554.716791
20170214,115657.0,117800.0,114995.0,116949.0,5.88327131062,685784.640412,116587.291401
20170215,116948.0,117900.0,116805.0,117692.0,3.41660577063,401104.836368,117442.330713
20170216,117738.0,120300.0,117630.0,119799.0,4.82013760371,572975.587914,118937.111909
20170217,119798.0,121996.0,119201.0,121380.0,6.88526728159,832489.108105,121095.553971
20170221,123344.0,131669.0,123222.0,131293.0,10.3793114534,1314460.1746,126419.889317
20170222,131193.0,133333.0,128500.0,130202.0,7.87188203078,1022160.04993,129838.72965
20170223,130202.0,136500.0,129853.0,135502.0,9.45325365744,1250926.87624,131778.296153
20170224,135695.0,140000.0,126100.0,136521.0,16.8656773218,2292432.17122,136390.731592
20170227,135025.0,137000.0,133200.0,136127.0,11.5781126443,1563399.81323,135075.981793
20170228,136115.0,139490.0,135550.0,138602.0,12.0065764857,1654029.80333,137788.44196
20170301,138620.0,144166.0,138200.0,144121.0,12.4614199157,1752617.11038,140473.946398
20170302,144121.0,148550.0,142000.0,147994.0,14.5831636483,2120999.74852,145345.022624
20170303,147994.0,150300.0,147256.0,149090.0,14.5207910454,2162781.84541,148925.522591
20170306,148286.0,148975.0,148008.0,148359.0,6.7853167748,1007672.34574,148516.348329
20170307,148358.0,148515.0,140000.0,142908.0,14.8944607439,2165735.59553,146390.248459
20170308,142914.0,146970.0,130512.0,135505.0,29.9704361428,4178441.81101,139921.041265
20170309,135503.0,146500.0,134903.0,138932.0,17.5890232898,2427275.91733,138042.46135
20170310,138964.0,150000.0,125010.0,135299.0,25.2179188102,3520891.99085,140337.404405
20170313,143822.0,145690.0,143276.0,145504.0,10.105084559,1460139.00573,144559.327789
20170314,145500.0,146400.0,143738.0,144622.0,7.33379020367,1063135.03097,145026.03673
20170315,144621.0,145743.0,143514.0,145139.0,7.10557635698,1030023.79793,144993.406087
20170316,145139.0,145700.0,132769.0,137801.0,18.9992333504,2666075.68219,141404.921864
20170317,137801.0,141986.0,124725.0,125423.0,29.1641900354,3875692.99522,133173.200266
20170320,120104.0,124600.0,119659.0,121573.0,11.1522430379,1363596.67502,122241.325429
20170321,121543.0,127500.0,121294.0,127250.0,13.840985085,1733469.86147,125320.193896
20170322,127188.0,127369.0,112596.0,119048.0,22.25958208,2665766.54141,120647.048714
20170323,119009.0,119540.0,114704.0,115489.0,14.6301576545,1711309.42904,116863.493891
20170324,115488.0,115912.0,102122.0,103600.0,21.9912776734,2416853.87426,110818.827403
20170327,108236.0,117963.0,107251.0,117308.0,15.2390541722,1706809.32644,111995.391976
20170328,117308.0,119764.0,115000.0,117772.0,13.9683789657,1645327.07371,117539.885883
20170329,117662.0,119950.0,113116.0,116569.0,13.5967591734,1581210.33396,116387.548025
20170330,116637.0,117999.0,113105.0,116627.0,8.93403176976,1041793.26016,116592.520768
20170331,116724.0,122485.0,116632.0,121529.0,11.840544099,1408009.40714,119173.063043
20170403,123000.0,128541.0,122963.0,128070.0,8.21756754609,1042680.34055,127052.423107
20170404,128069.0,129721.0,125803.0,128317.0,7.14706514143,913026.610508,127657.38189
20170405,128295.0,128890.0,126505.0,127551.0,6.79191156271,867248.271436,127618.30906
20170406,127539.0,134974.0,127537.0,133534.0,9.23601261218,1207150.58442,130513.026313
20170407,133507.0,135000.0,130959.0,134300.0,7.59052715461,1011156.19351,133407.699186
20170410,135197.0,136000.0,134644.0,135135.0,4.69903360115,636043.611701,135358.549349
20170411,135195.0,135904.0,130083.0,135443.0,5.93514975392,802190.936731,135301.574002
20170412,135445.0,135850.0,133000.0,133150.0,5.07578576076,685207.512095,135213.778016
20170413,133127.0,134715.0,126666.0,130210.0,11.2427060309,1474237.29662,131194.758936
20170414,130160.0,132540.0,130128.0,131500.0,6.50604676778,854814.967125,131379.586833
20170417,131830.0,133995.0,131500.0,132769.0,5.23051680697,692250.789968,132236.450618
20170418,132769.0,133949.0,132515.0,132609.0,4.80043654348,640119.39713,133296.910786
20170419,132617.0,133898.0,132481.0,133481.0,4.36693030349,582302.441674,133361.964182
20170420,133487.0,136640.0,133426.0,136467.0,5.27604095042,712504.945234,135029.045714
20170421,136463.0,138852.0,136407.0,138020.0,5.08462416642,701147.093718,137877.646061
20170424,138075.0,139005.0,137781.0,138201.0,4.22500271793,584623.022767,138377.254568
20170425,138242.0,142159.0,138200.0,141761.0,5.97768138035,837166.657853,140073.299316
20170426,141718.0,145512.0,141600.0,144426.0,7.95779148509,1142083.98119,143714.900738
20170427,144395.0,149000.0,144082.0,148123.0,7.57196228527,1107281.94677,146188.894629
20170428,148124.0,149812.0,144291.0,148757.0,9.14832925827,1351816.65872,148028.717491
20170501,149725.0,174995.0,149258.0,161500.0,15.2507196353,2399555.63169,156288.498101
20170502,161428.0,168711.0,161080.0,166490.0,12.5958520073,2082593.73463,165115.531543
20170503,166540.0,170000.0,165488.0,169994.0,9.31550455451,1560801.04757,167566.53087
20170504,169986.0,186762.0,163384.0,177150.0,17.4085916268,3049502.59662,175277.593066
20170505,177151.0,183900.0,171500.0,175400.0,13.3979029641,2390110.11548,178623.359147
20170508,182355.0,200978.0,182300.0,198937.0,15.2430594683,2937319.39608,193506.78444
20170509,198997.0,220000.0,193690.0,210420.0,20.875993836,4358115.56126,208896.280165
20170510,210420.0,217999.0,208300.0,212901.0,9.89717113865,2110534.76832,213236.83584
20170511,212901.0,219000.0,207459.0,215616.0,7.65328707802,1639876.40622,214762.652843
20170512,215616.0,216500.0,200000.0,200001.0,9.12768136472,1919893.47104,211417.868414
20170515,212255.0,213000.0,201570.0,207003.0,9.02812933583,1870282.78159,207329.156196
20170516,207054.0,209187.0,203330.0,207451.0,7.10039622851,1467739.76299,206892.915744
20170517,207452.0,221974.0,207379.0,215382.0,11.6043681382,2496632.72014,215083.444434
20170518,215373.0,225497.0,215053.0,224317.0,8.09508997229,1767494.47981,218630.926237
20170519,224317.0,235280.0,223778.0,232977.0,8.57731661843,1977790.84597,230502.946777
20170522,265000.0,290500.0,263088.0,286721.0,9.03267835244,2552430.93939,283473.794401
20170523,286417.0,302998.0,280100.0,294000.0,8.8952114816,2602968.09361,291933.965668
20170524,295250.0,303497.0,291018.0,302613.0,8.3260051629,2494499.81661,300104.038194
20170525,302686.0,349000.0,230255.0,272478.0,19.5150029964,6107787.20618,324386.885525
20170526,271504.0,314000.0,230000.0,269281.0,20.8415605848,5828678.29805,283082.099479
20170530,272174.0,276000.0,252202.0,259799.0,9.36273410399,2518395.60361,270298.060362
20170531,259620.0,269260.0,258821.0,265600.0,8.46880179099,2242726.34747,265180.475684
20170601,265600.0,278991.0,265449.0,273000.0,8.7376818925,2370300.40042,271051.317057
20170602,272978.0,278991.0,270200.0,277900.0,7.285092906,2003538.79479,275100.398025
20170605,286800.0,307436.0,286343.0,303245.0,8.33239099411,2455141.9818,293857.429145
20170606,303241.0,322808.0,302915.0,318845.0,14.8523548869,4685438.65757,315672.265104
20170607,318849.0,319650.0,280289.0,294059.0,13.9572631059,4284515.05524,310316.80701
20170608,294060.0,311998.0,288000.0,309473.0,11.1056115999,3370553.38191,304597.011957
20170609,309400.0,314500.0,307673.0,311951.0,7.52429672723,2347080.63826,311943.814453
20170612,329235.0,338274.0,286400.0,312558.0,22.4445411467,7117565.14029,319971.688607
20170613,312556.0,314492.0,300160.0,304011.0,11.6901955438,3588196.24388,306976.11122
20170614,304010.0,313870.0,250000.0,287805.0,22.3173875117,6495230.09819,299214.688921
20170615,287501.0,289999.0,247001.0,282741.0,30.9767770636,8315144.44891,270435.813596
20170616,282741.0,286900.0,266300.0,284097.0,16.6282607908,4645823.01804,280573.931011
20170619,288128.0,295000.0,286000.0,293455.0,8.24895852592,2399183.27871,290647.989149
20170620,293455.0,299520.0,291256.0,296600.0,7.92123069867,2342593.2103,295804.007921
20170621,296663.0,307894.0,296500.0,300154.0,11.076104018,3345103.20355,302195.851063
20170622,300138.0,304800.0,299698.0,303228.0,5.79158998448,1749529.90356,302301.270443
20170623,303228.0,308114.0,303200.0,305090.0,4.88095507005,1495528.31905,306292.242361
20170626,293649.0,299000.0,265845.0,287002.0,15.6051709222,4465157.44555,289480.407378
20170627,287906.0,290481.0,260105.0,283500.0,16.1057203161,4454307.30439,279679.818761
20170628,283500.0,289996.0,272700.0,288512.0,11.185440017,3160856.64313,283438.034679
20170629,288431.0,290999.0,277500.0,284472.0,9.63069732484,2749929.63116,286630.921832
20170630,284472.0,289000.0,280001.0,281973.0,10.2847291645,2918496.80199,283738.257595
20170703,281298.0,290998.0,50000.0,287609.0,9.50700899944,2711033.54831,284974.267166
20170705,292929.0,296682.0,286053.0,292004.0,7.86962160673,2284573.25778,290513.14885
20170706,292009.0,294700.0,290681.0,293423.0,4.83555501428,1416933.54064,293039.057444
20170707,293409.0,293971.0,286022.0,288270.0,8.07554930083,2337877.03776,289812.736762
20170710,289142.0,289880.0,265053.0,272955.0,16.6417454921,4656699.04141,283913.913889
20170711,272955.0,280000.0,265321.0,266795.0,15.4364779405,4182787.37359,270698.195378
20170712,266767.0,274851.0,20000.0,272442.0,14.8999782046,3971646.60079,267629.217122
20170713,272401.0,276999.0,264009.0,267655.0,10.9198494863,2953936.34648,270233.468338
20170714,267655.0,269500.0,20000.0,253714.0,16.5324255971,4291478.56193,261598.897906
20170717,215600.0,259500.0,214976.0,255782.0,36.0217967627,8376953.90039,231747.234983
20170718,255648.0,268318.0,240000.0,258473.0,33.4751436664,8595696.09643,257241.655556
20170719,258393.0,267899.0,245820.0,254187.0,27.3034914286,7061892.35414,258329.120801
20170720,254060.0,329750.0,253730.0,313817.0,45.4581144385,12901333.7057,275557.596474
20170721,313853.0,316000.0,281000.0,289044.0,34.2063950571,10087557.0077,293723.436458
20170724,304577.0,309500.0,302016.0,307847.0,10.3609585216,3167639.50803,305683.921246
20170725,307640.0,309000.0,270000.0,286107.0,26.7538655511,7784886.43217,293877.416102
20170726,286067.0,292096.0,275080.0,282870.0,20.3893080897,5746961.11503,281528.848025
20170727,283142.0,305500.0,282082.0,294022.0,15.9077830067,4600706.78461,288139.545291
20170728,294560.0,312900.0,290789.0,307502.0,19.694721479,6003098.80231,304515.464062
20170731,305358.0,334124.0,301333.0,324999.0,19.2226628482,6071640.89032,312414.954275
20170801,324999.0,332017.0,280126.0,305999.0,31.8356947884,9939912.24384,313762.692795
20170802,306210.0,309000.0,297000.0,301563.0,11.4472867097,3478244.21636,304040.839627
20170803,301735.0,309991.0,300566.0,309097.0,7.49363830973,2284535.97866,304542.024306
20170804,309097.0,319980.0,307700.0,319650.0,10.6467721439,3345188.95971,313676.460243
20170807,360920.0,381000.0,18000.0,380120.0,19.7754942282,7326518.77882,368611.404731
20170808,380000.0,394961.0,18000.0,384694.0,28.2143214298,10866270.0714,385095.803255
20170809,384703.0,386369.0,360008.0,372600.0,24.3105253263,9077977.13794,375585.699913
20170810,372694.0,381467.0,369545.0,376489.0,12.5869733661,4740356.2861,376590.173655
20170811,376475.0,404070.0,375693.0,399944.0,15.6622275763,6084751.80751,385060.409136
20170814,454126.0,480000.0,450000.0,477493.0,33.6701551576,15701477.8659,465231.642708
20170815,477382.0,497551.0,405485.0,464616.0,68.5312192108,31978648.8967,469245.608724
20170816,464611.0,487776.0,441102.0,485082.0,39.1933543327,18154281.5428,463180.103299
20170817,485309.0,489900.0,465000.0,471270.0,32.8335282818,15732662.3807,478622.961328
20170818,471031.0,479250.0,442101.0,454992.0,29.9832044136,13960577.8874,468010.526975
20170821,448395.0,452400.0,415555.0,433703.0,15.4759633383,6840729.63781,443168.92207
20170822,433703.0,456000.0,391000.0,451335.0,44.2854799524,18788401.7025,429373.458615
20170823,451109.0,466500.0,446690.0,454437.0,20.6000385675,9430041.98012,457360.520182
20170824,454452.0,475621.0,451692.0,472864.0,17.8524417555,8233635.19159,460461.610872
20170825,472859.0,482924.0,467100.0,476202.0,19.4653062363,9261005.07189,475930.246918
20170828,477672.0,481212.0,461017.0,478619.0,16.9737347961,8003070.11821,472758.399696
20170829,478654.0,504000.0,475517.0,499393.0,19.2322759431,9374470.81188,485108.496115
20170830,499393.0,509000.0,490050.0,504062.0,19.7750288814,9931630.49131,502956.774957
20170831,504001.0,526700.0,503898.0,523300.0,18.0124674882,9291065.39413,515638.70727
20170901,523300.0,548670.0,520777.0,548150.0,19.9408265853,10604953.0232,532244.254948
20170905,485377.0,499999.0,448001.0,493994.0,57.2442514467,27244437.9166,479037.089952
20170906,493834.0,512997.0,490000.0,507185.0,28.6508596788,14417592.9393,504070.884245
20170907,507282.0,508989.0,497500.0,502646.0,15.5912114004,7846118.70261,503439.574089
20170908,502600.0,504880.0,447003.0,479220.0,41.2845470104,19757034.1104,489192.337847
20170911,455970.0,471993.0,451515.0,461181.0,22.6385018073,10412987.1724,459665.027821
20170912,461072.0,477600.0,449008.0,458703.0,26.2164818543,12186884.4173,464648.837652
20170913,458703.0,459500.0,414157.0,426568.0,47.0840948938,20436620.4619,435349.512478
20170914,426344.0,433143.0,295000.0,309037.0,76.3675693371,28616572.0545,392614.256011
20170915,309038.0,430000.0,304000.0,414024.0,117.600602873,42945831.8361,370736.378494
20170918,403876.0,457799.0,403711.0,456754.0,41.0475192753,17846260.085,433388.883898
20170919,456707.0,458950.0,426111.0,434000.0,31.6391582951,13956809.4301,441299.286263
20170920,433919.0,447808.0,422563.0,432009.0,24.2263425391,10558897.5893,436534.169379
20170921,432021.0,436679.0,406000.0,410160.0,29.2618410662,12373200.9316,425508.582986
20170922,410121.0,420000.0,397066.0,404517.0,23.5482261003,9590283.92718,407774.818251
20170925,413517.0,443000.0,413007.0,436587.0,22.3993660832,9595678.85208,426581.278928
20170926,436557.0,439500.0,428100.0,430000.0,14.7823815536,6413940.09593,434006.406814
20170927,430000.0,472518.0,429690.0,468574.0,23.4641685157,10527926.9566,445023.463303
20170928,468643.0,477909.0,458114.0,465909.0,22.7482402552,10653061.7981,467519.640213
20170929,465904.0,469500.0,447000.0,463820.0,23.9662184634,11020940.0844,461524.043945
20171002,488575.0,498991.0,486116.0,493672.0,19.3163354447,9531818.5944,493540.021181
20171003,493672.0,497867.0,477321.0,488261.0,20.6095120464,10023042.3938,486862.500087
20171004,488335.0,489500.0,470511.0,474979.0,15.5389841146,7433703.85674,479438.951997
20171005,474975.0,490000.0,463100.0,484004.0,20.6561787997,9845147.39588,477660.55293
20171006,484133.0,494641.0,480500.0,490339.0,17.3000070569,8467160.33351,489139.434679
20171010,533586.0,551488.0,530383.0,536631.0,30.9150939698,16672588.0526,539399.562153
20171011,536639.0,543593.0,528800.0,538391.0,21.150592383,11360492.5937,537270.192361
20171012,538390.0,616850.0,536385.0,614613.0,51.1271292036,29546740.2775,571682.522179
20171013,614846.0,666160.0,605477.0,632777.0,71.0649999912,45079198.9984,633969.479036
20171016,640366.0,644500.0,621308.0,641232.0,25.7665682133,16329813.3226,633959.861719
20171017,641231.0,642956.0,620017.0,629844.0,22.4269135584,14144146.6838,631403.139974
20171018,629846.0,633179.0,570000.0,628102.0,58.7892001639,35392970.0251,608741.534375
20171019,628440.0,640888.0,620686.0,637562.0,30.8517729399,19558843.0222,634544.067405
20171020,637559.0,637997.0,636547.0,637502.0,19.1136031151,12183430.0,637355.5
