Date,Open,High,Low,Close,Volume_(BTC),Volume_(Currency),Weighted_Price
20140108,624.010009766,640.0,600.0,613.472290039,0.763782606266,472.254367483,617.72661805
20140109,613.472290039,626.99987793,590.0,617.400024414,0.959490101659,585.124947639,613.531399163
20140110,617.409973145,630.0,605.0,628.995727539,0.753404017983,464.855071701,616.432512819
20140113,626.098449707,628.369506836,590.0,611.799987793,0.86509073523,525.767183113,610.664069369
20140114,612.039978027,621.593444824,603.0,609.215881348,0.706062906906,431.915633615,611.96641262
20140115,609.225891113,629.330993652,605.104980469,624.400024414,0.807927268158,502.062019197,621.335545763
20140116,624.299987793,626.609985352,610.0,610.0,0.770471586408,475.669063585,617.850203909
20140117,610.010009766,615.489990234,562.251403809,588.099975586,1.05666806552,626.375824141,594.677386437
20140121,613.979980469,620.0,600.178955078,609.499023438,0.713190187831,435.210787175,610.748808637
20140122,611.092651367,615.0,601.175170898,605.726013184,0.732016657843,444.542458149,607.62898583
20140123,607.950012207,609.99987793,600.119995117,603.0,0.602500036138,364.838071069,605.53509679
20140124,606.0,606.0,576.0,580.0,0.846620558996,499.050991888,589.631389317
20140127,598.226745605,603.989990234,535.0,548.150390625,1.28287927733,742.273129025,585.428569678
20140128,546.784118652,605.0,545.099975586,584.0,1.07162361733,622.975821756,581.052276127
20140129,585.340026855,598.0,575.0,581.010009766,0.75411684696,442.589104588,586.936949918
20140130,581.010009766,598.897827148,575.005554199,592.0,0.868387107118,510.596372737,587.174318389
20140131,591.69342041,596.739990234,584.010009766,595.890014648,0.681917014685,403.908756692,592.955460067
20140203,602.559997559,604.481994629,594.0,598.400024414,0.681093550911,407.289547191,598.274045259
20140204,598.396972656,600.883239746,590.0,595.590026855,0.761682434032,453.835961619,596.277724743
20140205,595.650024414,598.741027832,590.0,590.320007324,0.763217096004,453.430453304,594.620234578
20140206,590.320007324,594.994018555,561.0,568.989074707,0.973050106615,564.777853547,582.802117668
20140207,568.981018066,570.0,502.100006104,528.010009766,1.70025410725,913.719321291,539.832090149
20140210,510.273590088,522.439575195,402.100006104,504.989990234,2.19017958096,1059.20380304,494.71952181
20140211,504.903198242,524.969970703,470.0,498.485412598,1.73066130227,865.016775633,501.439707026
20140212,499.0,503.100006104,478.0,492.171508789,1.1115092828,546.180217101,491.044526614
20140213,492.171508789,498.971984863,450.0,452.300018311,1.68738860627,802.560573181,480.013126263
20140214,454.99899292,518.76574707,430.0,497.0,1.99980038442,943.304658037,468.546414065
20140218,465.019989014,474.008850098,450.0,463.0,0.97596727598,451.527138405,463.611688256
20140219,463.0,464.0,455.0,457.0,0.871869189223,401.211062055,460.439512827
20140220,459.06451416,463.555541992,406.348297119,406.348297119,2.24130173369,969.228772124,435.195751543
20140221,407.0,437.0,390.179992676,421.0,1.62359451116,676.115321795,417.696701546
20140224,442.97857666,447.299987793,401.0,405.010986328,1.49065620317,625.229102925,419.758079012
20140225,405.010986328,410.247192383,320.110015869,391.047119141,2.34799725683,865.71068252,372.602984413
20140226,390.0,441.029998779,370.5,432.716125488,1.95843484903,831.837250329,424.603076575
20140227,432.126068115,438.010009766,423.154418945,430.0,1.28310996139,553.243795405,431.289927885
20140228,428.954498291,432.0,400.0,409.62789917,1.89288454895,791.541858487,419.503244319
20140303,416.039093018,506.899993896,412.890014648,482.493988037,3.28347114621,1489.14336758,447.910071163
20140304,480.115692139,505.642303467,477.812988281,489.374328613,1.93183837817,951.112119851,491.064904557
20140305,489.374237061,492.0,471.100006104,487.799194336,1.33069843605,641.669004466,483.139593534
20140306,489.256164551,490.0,475.0,479.463378906,1.23960874533,598.011453106,482.914703476
20140307,481.713623047,485.0,450.0,461.899993896,1.86867005239,866.78589162,464.359697791
20140310,462.84072876,466.0,451.0,454.724121094,1.11847902702,511.26147148,457.992304097
20140311,454.724121094,462.0,451.100006104,457.426116943,0.901240798964,411.149133244,456.066060302
20140312,457.426116943,470.0,455.710998535,460.212646484,0.972546461645,449.428627912,461.596867906
20140313,458.3800354,468.0,458.0,463.182495117,0.907837822404,421.428255734,464.121423674
20140314,463.182495117,466.880004883,455.299987793,457.682098389,0.99294653619,457.715368137,461.269977227
20140317,458.673370361,460.579986572,447.0,448.939178467,1.08273041321,489.537935856,451.95883366
20140318,448.510009766,455.0,435.0,446.020996094,1.27066464243,562.492061223,442.68102169
20140319,446.899993896,451.261505127,436.376190186,441.225921631,1.06482162723,471.843329189,443.051707007
20140320,441.224822998,441.224822998,420.0,425.972076416,1.42229840367,612.69082724,431.514363272
20140321,425.972076416,440.603759766,412.109039307,416.535766602,1.88659975257,799.894032814,423.68124134
20140324,412.6769104,430.0,403.615356445,422.833221436,1.76207774088,732.269797293,413.814565435
20140325,421.739318848,429.700012207,415.140014648,422.600006104,1.22225357731,515.21640968,420.958364949
20140326,423.140014648,428.399993896,415.390014648,425.299987793,1.38050976084,584.111936624,423.277749152
20140327,425.924407959,426.363006592,360.0,362.807037354,2.42972142525,964.857543753,400.929257992
20140328,363.942687988,395.0,361.761199951,379.839996338,1.52347675288,577.885230098,379.32875709
20140331,340.730010986,353.870910645,325.119995117,335.130493164,1.18270399272,397.449179887,337.211351819
20140401,334.37121582,444.80065918,331.330505371,357.119995117,1.71373410238,611.117238438,353.354936896
20140402,357.119995117,370.0,321.0,325.998962402,2.11193029193,722.906652889,343.67773743
20140403,325.672973633,339.12008667,307.00088501,327.25,1.43168630964,461.634550591,322.665705267
20140404,328.740844727,337.0,317.200012207,331.619262695,1.20600788816,397.266510466,329.250569596
20140407,337.528167725,338.392700195,325.186004639,333.132476807,1.32549535472,442.557661882,334.172473713
20140408,331.620635986,338.0,330.110015869,333.399993896,1.04608329499,348.876292699,333.044127102
20140409,333.650726318,335.869995117,323.5,324.0,1.63744013012,540.366239655,330.291141794
20140410,323.600006104,325.772521973,260.645019531,264.984008789,2.68851797459,793.55468094,297.218423929
20140411,264.722106934,314.46661377,252.020996094,310.07723999,2.75209007782,799.479520693,293.655103317
20140414,303.960876465,339.0,296.100006104,334.0,2.63002814793,861.038292629,326.207114231
20140415,335.58026123,379.999908447,310.0,377.5,3.31144875342,1191.34650929,359.080550152
20140416,376.937316895,399.0,350.989990234,377.157867432,2.8215829678,1056.92201485,374.896631187
20140417,378.129272461,380.690643311,350.5,360.25,2.12159372228,771.023774189,365.480268534
20140418,361.856872559,365.985992432,343.868286133,351.758789062,1.32137428043,464.380816116,352.9163265
20140421,362.426849365,369.100006104,357.0,360.05279541,0.964616471634,349.01166338,362.114442821
20140422,360.953613281,363.0,351.0,353.130004883,0.761201431721,272.598276895,358.023435103
20140423,353.135101318,359.369995117,351.5,355.327545166,1.06770430254,379.755960745,355.403076172
20140424,356.093261719,361.0,350.364593506,360.989013672,1.13847651129,404.443831834,355.0501288
20140425,361.0,361.0,315.180145264,337.315338135,2.32144909383,778.17822672,336.558211935
20140428,314.0,327.769989014,308.0,317.279998779,1.5195351959,480.704410145,317.720016834
20140429,319.335235596,326.989990234,313.0,324.627075195,2.01398129642,647.871923396,321.807024142
20140430,323.261291504,327.690826416,316.299987793,325.755554199,1.83550392084,590.824096633,322.228131914
20140501,323.955444336,334.890014648,323.600280762,332.580993652,1.60686679392,530.403644308,329.261486992
20140502,332.571990967,332.799987793,321.570007324,326.468994141,1.41757215497,461.452353948,325.316278008
20140505,316.660736084,320.061462402,309.399993896,311.501861572,1.30210945513,406.99535342,312.502763739
20140506,311.501861572,315.0,305.0,309.5,1.33181605066,412.70302872,309.818535387
20140507,310.026824951,325.0,309.0,317.103942871,1.89670418402,603.50996767,316.722369429
20140508,317.120758057,323.382476807,314.99432373,317.510009766,1.39022999229,444.857606022,320.190755733
20140509,318.126861572,332.218170166,318.051330566,326.878753662,2.03310017784,662.492872943,325.235433467
20140512,319.174224854,322.848999023,315.550262451,321.186340332,0.925215450643,295.510416392,319.954156895
20140513,321.186340332,321.560699463,315.600006104,319.808563232,1.01574240862,324.035817186,319.287749189
20140514,319.808563232,327.994750977,319.078430176,327.994750977,1.5594432245,504.267784675,322.995647286
20140515,326.040008545,329.899993896,322.700012207,326.329986572,1.16785010863,381.992957255,327.031881177
20140516,326.91305542,328.675964355,325.100006104,326.919830322,1.23361903186,403.923181539,327.289201751
20140519,324.721191406,327.899993896,322.863586426,325.0,1.06419593875,346.257418676,325.172506164
20140520,325.007507324,363.120635986,325.007507324,354.830963135,2.57106438821,884.361026789,342.882302578
20140521,356.58026123,362.899993896,352.0,360.231536865,1.0753767669,386.887127275,359.80364093
20140522,360.231536865,387.225219727,355.700012207,385.0,2.11666843684,792.403123036,376.003913008
20140523,385.0,402.899993896,374.890014648,383.789581299,2.19353520728,857.909953312,390.354577744
20140527,427.689941406,434.899993896,400.745819092,422.350006104,2.50353231447,1045.90800137,420.448881293
20140528,422.349975586,426.0,415.643066406,424.880004883,1.52069940875,640.790778435,421.574618892
20140529,424.880004883,426.0,413.119995117,419.390014648,1.26215678877,527.765981725,417.902472414
20140530,418.455993652,456.0,417.100006104,452.0,2.1831021808,955.782136071,437.892939813
20140602,461.577819824,489.0,451.200012207,480.248596191,1.73833530282,815.113671962,467.194532726
20140603,480.248596191,495.243011475,477.100006104,493.660003662,1.63694721851,797.590366336,486.903077343
20140604,492.5,492.799987793,460.000396729,472.899993896,1.83478443977,867.849313855,472.572693535
20140605,472.218780518,490.200012207,470.077880859,483.920928955,1.61487226178,780.242836032,481.736272201
20140606,483.920928955,487.16897583,475.157104492,479.126251221,1.54361537218,743.349943024,482.591970496
20140609,480.23046875,481.390014648,471.170013428,474.39151001,1.12920541269,536.99414889,475.965118223
20140610,474.851287842,481.412872314,472.931884766,477.699798584,1.46540828245,701.102467826,478.453592998
20140611,477.673095703,480.561462402,460.0,460.462005615,1.91306822661,898.233680289,470.883851158
20140612,460.462005615,467.723114014,405.0,424.807281494,3.46265550967,1518.40802462,452.039890829
20140613,424.757751465,453.989990234,421.926208496,437.0,2.75843947422,1204.42588216,437.198967959
20140616,436.518035889,452.672210693,432.121063232,433.730957031,2.185558963,969.253294225,442.858671476
20140617,433.602844238,449.626708984,430.011016846,448.100006104,1.59048151017,702.347923057,440.79056749
20140618,449.429992676,455.660003662,445.0,446.646087646,1.30874504885,589.110103738,449.992740274
20140619,446.646087646,447.5,435.899871826,435.899871826,1.53112640088,677.743378649,444.398838186
20140620,437.411010742,440.0,421.989990234,435.0,1.82689314169,790.937838457,434.702930849
20140623,439.849975586,442.100006104,429.600006104,430.5,1.38788011932,600.530957648,433.198539456
20140624,431.8699646,433.609985352,416.202423096,421.0,1.60705160453,687.797706167,430.704336974
20140625,421.014007568,424.967834473,408.999786377,412.952972412,1.62127537788,673.804992147,417.307275201
20140626,412.91394043,427.456573486,410.122009277,426.5,1.11815232678,467.79116587,417.94140905
20140627,426.5,439.0,423.116088867,437.5,2.1073519218,905.685271087,429.496236149
20140630,437.00012207,476.980010986,435.296234131,465.5,3.37551656651,1543.01013592,457.271314021
20140701,467.299987793,480.0,463.075469971,466.074005127,2.07906923096,983.049683692,472.973570444
20140702,465.372009277,477.0,462.969055176,470.941009521,0.980132498107,461.888341208,470.42393362
20140703,471.0,473.0,466.033996582,469.0,0.820170210904,385.33419178,470.241968546
20140707,466.389984131,466.783966064,451.0,458.535369873,1.74476067253,801.500274189,460.19056217
20140708,458.06362915,468.369995117,433.951873779,457.0,0.903704286219,413.393343833,457.898693036
20140709,457.018920898,460.222106934,455.720001221,456.823760986,0.791872380943,363.149148668,458.16984467
20140710,457.0,458.5,445.010009766,453.667999268,1.63930766448,740.046718027,452.207283429
20140711,453.5,465.0,451.019989014,464.0,1.5299629679,702.854315778,459.375639083
20140714,463.332305908,464.0,454.0,455.100006104,0.976225234706,446.98306665,457.734104257
20140715,455.100006104,459.99899292,454.100006104,458.5,1.09051122801,498.944129277,457.969313131
20140716,458.5,459.489990234,454.000091553,456.317993164,1.01412900412,463.420244897,457.090046551
20140717,456.299987793,465.0,451.600006104,460.008056641,1.72021676035,789.758360972,458.372339347
20140718,460.667694092,464.75,457.449859619,464.690002441,1.16519864846,537.434848543,461.031777288
20140721,459.54486084,460.0,455.670013428,457.699981689,1.11238256546,509.39695195,458.136421137
20140722,457.5,462.158813477,456.0,460.790008545,0.948277966624,435.898249964,459.889904441
20140723,460.789978027,462.746795654,459.0,460.261993408,0.976019296418,449.049615166,460.16072046
20140724,459.200012207,460.519989014,440.0,447.0,2.66417965847,1200.67888674,451.641705345
20140725,447.059997559,451.880004883,442.286865234,448.002990723,1.2989259497,582.030401106,448.640361532
20140728,442.136993408,446.5,425.929229736,440.859069824,2.13254021117,929.636131187,436.779076417
20140729,439.40435791,441.5,434.0,437.264526367,1.19514762391,522.890577612,438.065895304
20140730,436.166046143,437.5,420.109985352,423.276245117,2.06447882388,885.360557623,430.250676053
20140731,422.340026855,439.769989014,418.149078369,435.377716064,2.02956064097,870.98688229,430.984796076
20140801,434.570007324,453.729248047,434.108184814,446.5,2.25983908509,1002.67127784,443.583438636
20140804,436.899963379,444.0,434.568450928,438.710571289,1.70101594065,745.791680353,438.504135551
20140805,439.268676758,440.596496582,433.0,434.239990234,1.73787000957,756.568686112,435.674835747
20140806,435.196929932,439.0,433.0,435.456726074,1.53582026148,668.483372327,435.398633126
20140807,434.148010254,443.380004883,434.0,439.976806641,1.40317405905,615.656864396,437.973390509
20140808,439.028015137,446.0,437.0,440.667907715,1.37795777339,608.551627706,441.586449542
20140811,441.330841064,441.724975586,426.351013184,429.290985107,1.76645250338,771.478149612,436.958263153
20140812,429.290985107,434.188476562,425.210021973,428.999908447,1.46651438226,629.053140601,428.86022766
20140813,428.860900879,429.999908447,395.0,411.0,3.08733352376,1269.54110302,413.421835111
20140814,410.376251221,411.336273193,371.010986328,384.760009766,3.09355467907,1200.189833,390.097051716
20140815,383.768280029,392.911376953,373.760009766,377.215362549,1.87380642813,716.855094429,383.695524885
20140818,376.888000488,383.890014648,337.600006104,353.39465332,3.02161909238,1073.43290806,358.253220391
20140819,353.420654297,379.5,342.589996338,371.809295654,2.33792667476,850.795340765,364.994605484
20140820,371.924316406,400.974273682,356.644470215,396.0,2.62121812481,997.479738906,377.097799927
20140821,396.0,407.0,389.001098633,392.990234375,2.16315360103,859.04463566,397.371541739
20140822,392.990203857,398.389892578,381.040008545,391.415985107,2.6288204939,1028.66974735,391.685101442
20140825,389.619720459,390.119995117,380.010009766,382.0,1.60656497749,618.181333822,385.498533542
20140826,382.63482666,391.5,380.100006104,388.996002197,1.37162319166,531.726539292,387.567404881
20140827,389.0,396.0,385.0,386.80581665,2.13987991114,837.216050608,391.571359831
20140828,386.964996338,390.959991455,380.0,381.980621338,1.89559092853,729.262290633,385.750886548
20140829,381.825592041,389.765045166,377.0,384.819610596,1.74646773553,671.439374484,384.043820405
20140902,363.325286865,369.799987793,360.0,363.531188965,1.58081580997,575.820040658,364.511335198
20140903,362.130004883,367.778076172,355.0,361.720581055,1.92058356514,697.243167846,363.997901449
20140904,361.216003418,379.899993896,359.957458496,376.89666748,2.38809138265,889.459474202,371.452154612
20140905,376.89666748,380.26260376,369.447967529,370.158416748,1.89015026303,709.595621053,375.556928999
20140908,368.0,369.799987793,356.598999023,364.859985352,2.52226511537,919.184385172,364.524881828
20140909,364.809997559,367.82510376,360.0,364.703979492,2.13710198507,777.555137012,364.322234827
20140910,365.999908447,377.887512207,363.0,368.790679932,2.57811261875,957.972805542,371.833843742
20140911,368.010009766,371.679992676,364.690002441,368.196929932,1.7986181072,662.318990312,368.437662019
20140912,368.134979248,368.720001221,362.0,365.92010498,1.57763721532,576.416578858,366.288097407
20140915,365.060028076,369.603088379,361.0,361.200012207,2.24689028428,820.051029916,365.839888161
20140916,361.100006104,367.776977539,357.260009766,358.799987793,2.0008698964,724.890782781,362.784784263
20140917,357.620025635,360.799987793,346.010009766,352.037780762,2.14626534919,756.70714324,352.951139141
20140918,352.125305176,352.125305176,319.010009766,329.505767822,4.20864578914,1400.6282509,335.490593718
20140919,328.32131958,332.888366699,294.990234375,307.0,4.04977104874,1258.82382011,313.939371348
20140922,312.078948975,318.511138916,308.660003662,311.209960938,1.99910364983,626.353728676,313.528683708
20140923,310.231079102,352.0,306.711761475,342.099945068,4.53397970147,1505.17709007,324.302735156
20140924,341.122161865,344.930450439,325.0,331.299987793,2.6080990164,869.488761361,334.010530946
20140925,331.250518799,331.600006104,314.671142578,319.0,2.42047301367,777.495970761,321.503989914
20140926,318.109985352,322.0,310.100006104,316.269775391,2.84747281035,900.614077728,316.702676664
20140929,294.820037842,303.650085449,290.0,291.85723877,2.94503733734,873.251728788,296.950619994
20140930,291.857269287,313.0,291.382568359,307.49899292,2.59093246767,783.072454477,301.435081305
20141001,307.49899292,312.0,297.971954346,304.694152832,2.36255430833,719.271647848,305.14735142
20141002,304.719177246,306.718170166,293.480010986,296.399993896,2.38599280194,711.337980108,299.172176404
20141003,296.474914551,298.200714111,280.220001221,285.0,2.95047329836,855.905475506,291.149479225
20141006,257.999969482,283.416381836,238.207992554,264.941467285,4.01169724839,1042.10586917,256.889796304
20141007,264.839752197,273.232299805,257.106994629,264.829986572,2.84785595933,748.805536472,263.287379293
20141008,265.457794189,289.915313721,259.050994873,281.000213623,3.75562753695,1030.51061729,273.683883262
20141009,281.880401611,311.0,277.50302124,287.799987793,5.32246018835,1562.37341572,293.70917164
20141010,287.0,300.0,279.247161865,285.451446533,2.969310914,857.094012859,288.385403873
20141014,306.549041748,325.067382812,304.470184326,314.25402832,3.37580666815,1065.89976555,315.226164641
20141015,314.474029541,319.240997314,302.100006104,310.599975586,3.30682940282,1022.3504775,309.782266542
20141016,309.0,311.309997559,288.989990234,298.893829346,3.9775871612,1190.05751692,300.538702692
20141017,298.893829346,301.173034668,292.369995117,299.119995117,2.4677122188,732.905783638,297.386984383
20141020,304.411010742,305.810943604,297.760009766,298.235015869,2.29221751297,689.782547776,301.512259881
20141021,299.855010986,308.740997314,297.079376221,302.640991211,3.04043521905,923.383548311,303.852321565
20141022,302.641998291,305.0,298.510009766,301.200012207,2.35161818156,711.034938885,302.861562202
20141023,301.200012207,302.5,280.888885498,283.761993408,3.84360819589,1110.16897905,290.356861003
20141024,284.0,289.5,279.0,283.960205078,2.54112822598,724.123373575,284.801558445
20141027,282.539825439,284.0,279.0,279.0,2.0836782261,586.700200539,281.752832896
20141028,280.541992188,284.0,278.5,281.229187012,2.57054942959,723.96319228,281.531980678
20141029,281.691894531,281.858978271,266.0,266.264892578,2.92442963086,794.860545469,273.045258651
20141030,267.0,277.869995117,265.709991455,274.112243652,3.07089942908,828.323157607,269.759694083
20141031,272.738891602,276.0,268.010009766,269.900024414,1.82912819822,498.850405242,272.912799828
20141103,259.043151855,266.309997559,258.029998779,260.919921875,1.9371326799,507.406835129,262.391293325
20141104,260.674987793,265.387664795,255.149993896,261.419616699,2.5878654082,674.098562679,260.587308468
20141105,261.794921875,275.0,261.794921875,270.329986572,2.56446481883,691.48941377,269.891086556
20141106,270.220001221,282.799987793,269.0,279.07699585,2.90069688549,800.712412845,274.608781234
20141107,278.899993896,280.889953613,272.083007812,273.529998779,2.04845232232,566.716444739,276.934019336
20141110,289.0,299.0,282.0,289.988555908,2.89273823361,844.125140775,292.06506588
20141112,293.899993896,335.020019531,293.899993896,330.0,4.33310731771,1362.578705,313.215827204
20141113,330.079986572,354.402313232,303.0,331.639984131,5.88062212335,1945.8248272,334.36853623
20141114,330.510009766,330.889862061,303.700012207,318.371124268,3.47386982034,1102.95603324,317.559129209
20141117,311.519989014,325.558929443,304.200012207,312.929992676,3.83915950995,1213.4160223,316.888254264
20141118,313.504760742,315.980010986,299.105072021,302.0,3.25352866809,994.095063914,306.815894307
20141119,301.855010986,310.879974365,300.0,304.740325928,2.52794798208,769.749722194,304.89866713
20141120,304.692230225,305.0,284.339996338,285.522094727,3.14572603295,918.717424188,292.308464015
20141121,285.512084961,289.980010986,277.0,283.0,3.03563475489,866.530910317,285.640296338
20141124,295.040008545,304.100006104,295.0,302.453918457,2.3591381867,708.420641308,299.606536225
20141125,312.30166626,314.252990723,300.154998779,300.720001221,2.93895173004,896.847093713,305.581970286
20141126,301.220001221,301.838806152,292.5,295.529998779,2.80822207861,835.743129942,297.62033351
20141128,296.940002441,306.0,290.100189209,301.0,3.72902586156,1113.62108642,297.932234366
20141201,302.439849854,305.0,299.204437256,301.401702881,2.15557407055,653.304859713,303.289486407
20141202,301.43170166,307.769989014,298.119995117,304.339996338,2.37068664342,721.428485036,304.412308217
20141203,304.429992676,307.231048584,300.87713623,303.234039307,2.21844808053,675.674948382,304.840882161
20141204,303.640045166,307.100006104,298.180297852,299.0,3.02713054703,914.775324864,302.492271286
20141205,298.970001221,305.0,296.0,304.010009766,3.15644516129,952.419714994,301.938271466
20141208,303.879974365,304.089996338,294.170013428,294.170013428,2.65687052868,793.500829545,299.28548355
20141209,294.540008545,296.799987793,278.425018311,284.850006104,3.70721863081,1060.44190544,286.684367345
20141210,284.950012207,286.19744873,277.999908447,277.999908447,2.64710127404,750.599916803,284.165728154
20141211,280.399993896,291.690216064,275.359985352,282.329986572,1.88663102633,540.302166312,287.174801257
20141212,282.82019043,288.260070801,282.011993408,284.260009766,2.11795051417,605.507048301,285.984775543
20141215,286.578155518,287.01550293,280.1512146,280.597625732,2.22314409598,629.517106246,283.302488983
20141216,280.967193604,281.287658691,264.0,264.381225586,3.50854516468,953.889210874,272.285146941
20141217,264.381225586,268.390350342,256.660003662,262.020111084,3.62798466104,951.407296136,262.358491736
20141218,261.010009766,266.401000977,250.219116211,256.602905273,3.50347361468,899.128053182,256.951586621
20141219,256.509368896,263.215942383,252.339996338,260.490234375,3.44045908998,884.989608324,257.34221982
20141222,261.110015869,272.450256348,261.0,271.160003662,2.9515880752,793.781499755,269.149031533
20141223,271.059997559,276.0,269.333007812,275.683654785,2.34539597505,640.100749629,272.639254331
20141224,275.277282715,275.835510254,261.629272461,264.220031738,2.63039265236,707.096879514,269.389912227
20141226,262.392913818,272.0,260.585266113,269.042999268,1.91766953438,512.974141047,267.335671354
20141229,262.746551514,264.117523193,257.239990234,257.453918457,2.74863645502,714.720082492,260.442594656
20141230,257.880187988,262.49899292,256.571014404,257.599151611,2.66293336869,689.701925519,258.924959862
20141231,257.890014648,266.528015137,256.86807251,266.528015137,1.76271694817,460.081168304,260.977988076
20150102,262.029998779,265.989990234,261.0,263.680938721,2.58138064072,679.576283512,263.3967785
20150105,225.458374023,235.697998047,224.000015259,230.599975586,4.27883021446,981.315869192,229.486143936
20150106,230.889953613,244.660003662,228.5,242.629989624,4.24706372579,1002.2844379,234.630481155
20150107,242.673553467,255.5,237.100006104,249.990005493,3.48771238421,856.61723316,244.660374491
20150108,249.030517578,250.0,240.330001831,241.405914307,3.34895233927,822.586626025,245.882766844
20150109,241.030105591,249.0,239.0,246.899993896,3.96024140186,965.328080956,243.278544335
20150112,225.490005493,232.298995972,225.490005493,226.882415771,2.89839455317,663.429990255,228.850435957
20150113,226.539993286,226.992492676,188.872833252,193.739562988,7.5409903708,1542.2776143,204.911476581
20150114,193.959991455,194.72467041,148.171218872,153.917907715,9.87767143962,1637.43501175,168.83034441
20150115,153.86000061,198.5,152.295013428,180.549163818,9.15124449544,1647.02946935,178.895307316
20150116,180.509170532,192.999984741,175.0,182.446746826,6.00082056858,1100.87142359,183.861207729
20150120,187.55859375,188.075973511,179.050003052,183.745758057,4.37091608111,804.198960837,183.976523115
20150121,183.940002441,199.0,183.25,196.818283081,5.63347016528,1064.5414448,187.393265742
20150122,196.154327393,207.830001831,194.800003052,204.999984741,5.36013226441,1087.77627987,202.411866714
20150123,204.640335083,209.59324646,198.272186279,208.48840332,4.27993863715,876.986511968,204.482323624
20150126,228.5,275.0,224.180633545,244.609985352,8.0352773862,1999.88105537,249.530807003
20150127,244.358688354,245.770004272,222.267227173,233.798370361,5.49630257581,1273.29198608,232.44104293
20150128,233.522094727,237.470718384,205.5,211.0,5.63508065966,1250.86587117,224.986049221
20150129,210.990005493,214.199996948,196.488113403,207.434494019,5.70663404552,1172.95294823,207.0953617
20150130,207.66998291,214.999893188,201.909576416,202.878005981,3.76386013842,775.369079024,206.361988216
20150202,202.575744629,213.0,198.0,210.987609863,5.66706634472,1158.55068308,202.420447416
20150203,210.683914185,217.0,197.990005493,200.36000061,6.14324711919,1279.51153975,208.673674941
20150204,200.36000061,203.24798584,194.0,201.511108398,4.77606651262,950.7909727,199.040205248
20150205,201.61000061,203.104995728,189.210006714,190.5,4.01620072066,784.692850251,196.425351016
20150206,190.789993286,199.5,189.167144775,196.120620728,4.6849542866,909.532196922,194.720171413
20150209,196.910003662,198.378982544,191.36000061,194.0,4.22091636406,821.894942735,195.061039201
20150210,194.710006714,196.970001221,190.0,195.259994507,3.13125304684,605.451747795,193.141937869
20150211,195.405456543,198.020004272,193.330001831,194.800003052,3.02517822306,593.255027509,196.049017173
20150212,194.789993286,197.0,193.440994263,195.75,2.66796693985,519.992180128,194.964361523
20150213,195.919998169,208.779998779,194.800003052,203.729995728,4.98810881208,1020.37307992,203.85908897
20150217,206.187835693,215.831604004,205.0,213.789993286,3.89335149547,822.229273683,210.57589271
20150218,213.75,214.854187012,204.102478027,208.361450195,3.87640924042,813.436046559,210.311605878
20150219,208.361450195,214.0,206.130004883,211.289993286,3.41660568479,719.400091082,209.943856952
20150220,211.511825562,219.0,210.520004272,214.279968262,3.6669287677,788.358062811,214.603188778
20150223,207.633117676,212.999893188,206.330001831,210.846939087,2.67958450175,560.067386687,208.987762471
20150224,211.26234436,213.949295044,208.5,210.028198242,3.63595578372,765.849408643,210.773420819
20150225,209.928207397,211.660003662,207.050003052,208.792724609,2.98994386402,626.208652662,209.459535268
20150226,208.810043335,211.825836182,206.0,210.0,3.12532664942,653.868964668,209.478160798
20150227,210.0,224.630004883,209.365997314,221.919998169,4.3784124766,962.532995617,220.264775931
20150302,224.259979248,246.880004883,221.550003052,245.979995728,5.14235911254,1205.91529906,233.053791504
20150303,245.580001831,252.0,233.333023071,249.830001831,5.39235494942,1315.68294268,244.380433274
20150304,249.009994507,260.0,240.050003052,245.600006104,5.77648632067,1444.21835021,250.171775245
20150305,245.649154663,254.480514526,234.0,247.000015259,4.76432324964,1164.10817308,244.502126235
20150306,247.000015259,253.928283691,243.5,249.11000061,3.62412458513,902.547231279,248.638433344
20150309,251.509994507,268.760162354,248.480026245,266.8203125,4.46656000876,1164.54441324,259.454445229
20150310,266.760314941,277.799987793,264.316772461,269.989990234,5.02917080107,1369.83896059,271.938645003
20150311,269.980010986,280.0,269.83694458,279.380004883,3.2817231586,908.714698746,276.291788688
20150312,279.010009766,281.649169922,275.010009766,278.0,3.52087490912,979.04466687,278.144409012
20150313,278.390014648,279.399993896,268.0,271.679992676,3.32040249385,911.390943616,275.464033884
20150316,273.636810303,279.899993896,272.416381836,275.530029297,2.7967275485,775.075915975,277.299042031
20150317,275.530029297,277.489013672,268.5,270.100006104,3.07630790616,840.667597041,273.937914012
20150318,270.100006104,273.450012207,234.020996094,239.858932495,7.36242682763,1865.80620421,256.90434126
20150319,240.124023438,253.038696289,235.509994507,248.339691162,5.42053497239,1327.32214335,245.403107732
20150320,248.339691162,252.970001221,241.0,244.570007324,3.52342530368,867.342255736,246.470161426
20150323,248.259994507,251.869995117,240.63999939,244.220947266,4.37456774831,1075.59339456,247.143367125
20150324,243.830001831,244.669998169,226.0,227.300003052,4.24149971036,991.710344772,234.733196208
20150325,227.208267212,229.899993896,218.521606445,226.579986572,4.59585348714,1035.9826626,225.973044315
20150326,226.669998169,235.309997559,223.990005493,229.019683838,4.02259604739,927.400426859,230.423157277
20150327,229.910003662,231.75,226.660079956,227.600006104,2.97113390391,681.328884563,229.281849054
20150330,223.904846191,232.0,220.009994507,229.149993896,3.64745491244,832.363347117,228.044250723
20150331,229.570007324,231.587997437,226.100021362,227.970001221,3.36319975235,769.09064988,228.699550368
20150401,228.490005493,230.0,223.824462891,229.487823486,4.11487819972,934.713452284,227.158755182
20150402,229.417770386,235.0,226.850006104,233.033096313,3.62186269027,834.065822472,229.966516797
20150403,233.320007324,236.189987183,229.65411377,231.569992065,3.89519900023,905.922703993,232.690529011
20150406,235.380004883,236.619995117,229.940002441,231.128311157,2.16032826414,503.487877778,233.198513637
20150407,231.128311157,235.490005493,228.227996826,231.821380615,3.17012541696,737.217065729,232.54238956
20150408,232.051376343,234.981384277,225.100006104,226.89755249,4.87552750559,1113.82222166,228.968159032
20150409,226.907562256,229.556488037,222.0,228.576004028,3.84912283356,872.839030509,227.057198737
20150410,228.229995728,228.669998169,220.010925293,223.990005493,3.4232642397,766.855247361,224.208093907
20150413,222.720001221,224.800003052,210.0,213.86000061,3.53103969343,773.482324538,220.673030774
20150414,213.870895386,214.67930603,204.0,206.853607178,3.66425548182,764.505754787,209.800605024
20150415,206.779998779,214.133865356,206.179992676,209.789993286,4.49493516383,942.500025158,209.741606478
20150416,209.800003052,214.986999512,209.643600464,213.363723755,2.52685975093,536.322955434,212.489198493
20150417,213.040344238,213.150344849,206.481903076,208.050003052,2.56968997811,537.339809759,209.319250303
20150420,206.924606323,211.458709717,206.300003052,208.730834961,3.63516021486,761.160508831,209.239376526
20150421,208.735992432,220.0,208.38999939,219.020004272,4.01421755062,849.687804402,211.065504481
20150422,219.13999939,220.999893188,215.789993286,218.0,3.80398122929,830.187756349,218.383300879
20150423,217.960006714,219.537261963,213.69732666,216.253936768,3.65677242375,792.746346577,217.03744402
20150424,216.223693848,217.0,211.046035767,212.682174683,3.19249856083,680.579596324,213.170178654
20150427,203.770004272,215.281661987,201.669998169,210.569976807,5.01394982161,1036.60405007,206.151682739
20150428,209.399993896,210.612426758,203.923126221,206.350006104,3.39300381812,701.460707728,206.934761036
20150429,206.350006104,207.119995117,202.0,203.400024414,3.47797557088,711.042875327,204.587555595
20150430,204.189956665,214.0,202.825881958,210.595993042,5.18332850399,1085.75548413,209.256662732
20150501,210.701934814,213.054595947,206.800003052,207.057296753,2.66103876083,557.476061216,209.657851121
20150504,213.0,216.999893188,210.210006714,212.86000061,3.81980715732,817.469163235,213.823895125
20150505,213.13999939,213.949996948,208.0,210.449996948,4.55009864431,956.920234476,210.368576108
20150506,210.0,210.899978638,202.0,204.0,4.09077057803,847.43167825,207.914844923
20150507,203.0,213.904754639,201.61000061,209.250015259,5.33275842758,1106.08113505,206.414063671
20150508,209.910003662,218.0,209.600006104,214.009994507,5.01774644025,1070.97921366,213.18624979
20150511,213.099960327,217.393737793,212.0,215.0,3.88139801369,832.762079416,214.554122063
20150512,214.999984741,215.729980469,213.121032715,214.086135864,2.83391406155,607.650615675,214.592831087
20150513,214.499984741,216.0,207.001495361,208.048522949,3.77402241254,803.673601584,213.618699715
20150514,208.139831543,209.644500732,204.88999939,208.152206421,3.04241824761,632.076117092,207.94026831
20150515,208.152191162,209.999893188,206.479995728,208.289993286,3.14420497153,655.547603097,208.40272547
20150518,204.856369019,207.990005493,202.552124023,203.0,3.86882801585,796.334307543,206.120489005
20150519,203.010009766,208.0,202.79699707,205.741378784,3.24787519535,669.153690327,206.152587335
20150520,205.033569336,209.694107056,204.199996948,207.25,2.89164848079,601.551998909,208.020841813
20150521,207.25,211.0,203.699005127,209.740005493,2.90464900692,606.0098551,209.115212368
20150522,208.961303711,215.0,208.0,213.960006714,3.89468227118,820.334043143,211.0585451
20150526,211.499862671,214.899993896,210.560012817,213.800003052,2.88475777498,615.209610551,213.368315836
20150527,213.800003052,215.5,212.0,213.25,2.55282651227,546.656663533,214.272138326
20150528,212.975662231,215.94859314,212.130004883,215.31892395,2.82687725258,607.21285541,214.834744607
20150529,215.323806763,216.518295288,212.800003052,214.385147095,3.41519232592,733.644403343,214.879190172
20150601,207.98614502,211.550003052,202.5,204.0,4.58122049743,947.255476041,207.223044609
20150602,203.929992676,209.199996948,202.5,204.211715698,4.11378227825,841.499127399,204.397101635
20150603,204.211715698,205.499893188,197.230224609,201.113143921,4.68288199656,949.216329227,203.534622192
20150604,200.637374878,202.289993286,197.119995117,198.38999939,3.55182969778,710.121106348,200.189463905
20150605,198.38999939,203.786865234,196.797027588,201.020004272,4.1127552099,823.520061219,200.249341107
20150608,200.702514648,203.611312866,200.0,201.089996338,4.60505850897,929.583117745,201.739936389
20150609,201.050003052,204.550003052,200.0,202.041595459,3.96346034808,804.3276394,202.849334737
20150610,201.722640991,202.832595825,200.5,201.699996948,2.92799550967,590.625331866,201.782493877
20150611,201.699996948,204.509994507,193.919998169,202.740005493,4.86345167576,984.899281231,202.734668208
20150612,202.699996948,204.468994141,202.029998779,202.679977417,3.0080622495,612.063873042,203.389501384
20150615,205.25,209.279998779,204.000198364,207.910003662,4.0154919172,832.592038551,207.222325657
20150616,207.949996948,221.559997559,207.479995728,216.470001221,7.2383309295,1548.69762388,213.094107247
20150617,216.470001221,224.249984741,212.580001831,216.970001221,4.97574899052,1091.55007564,219.325264019
20150618,216.926895142,220.74597168,213.0,217.0,5.38503802369,1172.61220466,217.765650544
20150619,217.0,219.587478638,214.0,214.806808472,4.46711485805,970.253676796,217.009114727
20150622,213.0,217.309997559,212.5,216.25,2.27984320246,490.709566158,214.751738439
20150623,216.25,218.215866089,215.520004272,217.0,4.13986455738,898.074227529,217.0432492
20150624,216.696014404,217.149993896,214.11000061,214.11000061,3.21102915119,693.302930113,215.94230759
20150625,214.101226807,216.5,214.049087524,215.780532837,3.13009534782,674.393304466,215.595195312
20150626,215.449996948,217.5,214.63999939,217.5,2.82909855847,610.146723468,215.684381274
20150629,225.459976196,229.744216919,224.0,228.898483276,4.52113052818,1027.44786694,227.081298504
20150630,228.908477783,240.0,228.0,235.998336792,6.50185396371,1533.52299599,235.472472153
20150701,235.998336792,237.49899292,229.0,233.756774902,4.93443271585,1148.11624401,233.201362067
20150702,233.786773682,236.199996948,228.729995728,229.583694458,4.26076617284,985.88762506,231.636884901
20150706,246.399993896,252.0,242.60899353,243.150024414,6.17623430684,1529.50445165,246.955164394
20150707,243.572265625,247.5,240.619995117,241.780105591,4.06791438734,990.423336746,243.877550557
20150708,242.705596924,248.938232422,240.421646118,244.690002441,4.66610289196,1139.97428615,244.349766171
20150709,245.339996338,247.0,241.61000061,244.25,4.0917287007,1003.7548319,245.126933208
20150710,244.25,265.0,243.0,256.410003662,10.2848086309,2634.77648688,254.911228395
20150713,278.5,279.5,250.699996948,265.59753418,8.06566462001,2102.24338387,263.492025647
20150714,264.937744141,267.555541992,258.429992676,260.5,3.51756510845,926.16981018,263.14920749
20150715,261.220001221,265.907775879,258.200012207,260.270690918,3.81433914859,1004.74499003,263.930529878
20150716,259.984375,265.850006104,251.25,253.728866577,5.70039911751,1465.21293574,257.755275899
20150717,254.8465271,257.777008057,248.380004883,256.400268555,3.89254375345,986.842228839,254.013017611
20150720,251.401306152,255.0,250.279998779,255.0,3.03169725314,767.759309329,253.650539267
20150721,255.0,258.365844727,251.160003662,251.160003662,3.58659879786,915.602095896,255.027084692
20150722,251.779998779,254.686264038,250.5,253.55657959,3.65291755595,922.910170472,252.833328268
20150723,252.5,253.566696167,250.61000061,251.199996948,3.31069395941,833.386105068,251.845346006
20150724,251.11000061,261.0,250.380004883,260.185089111,5.93926016464,1528.26598636,257.808122021
20150727,263.799987793,266.0,255.550003052,263.864807129,5.04702462148,1318.42512683,261.117108116
20150728,264.062347412,267.372833252,263.799987793,265.544158936,3.46449289171,920.480894251,265.712848323
20150729,265.843231201,266.784942627,260.272033691,263.00793457,4.57799215331,1202.6160284,262.983868246
20150730,262.447906494,264.25,260.350006104,263.703063965,4.85701555666,1274.62977286,262.744488849
20150731,263.322052002,264.724975586,258.0,259.0,5.68981880897,1479.87365335,260.247542248
20150803,258.160003662,263.0,256.102600098,258.049987793,3.99821170236,1039.93488982,260.133954453
20150804,258.089996338,263.0,257.910003662,262.278015137,3.77815992756,985.636104613,261.005368647
20150805,262.269592285,263.256774902,259.109985352,259.385498047,3.05789276501,797.149016504,260.927230092
20150806,259.371002197,259.489990234,255.210006714,255.451004028,3.98588250717,1024.34169088,257.245744972
20150807,255.43270874,258.910003662,253.638946533,256.5,5.71759892145,1466.41050133,256.509002452
20150810,243.399993896,247.590057373,240.800003052,241.548583984,4.71743159251,1144.26473136,242.689250379
20150811,241.38999939,246.761611938,240.399993896,246.729995728,5.51451177523,1337.34921066,242.610673259
20150812,246.289993286,246.720001221,239.199996948,240.850006104,4.08991484513,989.376015782,242.230227858
20150813,240.770004272,240.809402466,237.600006104,238.36000061,4.62267643018,1104.22430147,239.164566366
20150814,237.61000061,242.419998169,237.000015259,240.990203857,4.6391365371,1112.92632344,240.117324794
20150817,236.410003662,238.477737427,234.130004883,234.440002441,4.94770724455,1167.19068157,236.146300908
20150818,234.820007324,235.29838562,214.600006104,216.500015259,9.87325838265,2277.30461375,232.954845817
20150819,221.159988403,231.199996948,203.100006104,207.886001587,8.47963701761,1802.25165548,213.857916114
20150820,207.886001587,214.990005493,206.348205566,211.800003052,6.02409279217,1273.8691326,211.441002041
20150821,211.861816406,212.830001831,205.216583252,206.509994507,4.81219732813,1003.38293881,208.948668628
20150824,202.649993896,202.660003662,182.660003662,184.068969727,13.4712016844,2585.73982627,193.219930663
20150825,184.364227295,201.88319397,175.0,195.320007324,14.1593563873,2692.11902073,190.041166673
20150826,195.429977417,210.0,193.869003296,200.140014648,9.00405864819,1818.1345832,200.800315563
20150827,200.252334595,204.5,198.15083313,201.829986572,6.50685360829,1313.30528941,201.732681015
20150828,201.270004272,212.419998169,196.489471436,207.490997314,7.68523388761,1581.59928748,204.51243805
20150831,205.11000061,207.979995728,201.015060425,205.440002441,5.23432627902,1073.3903846,205.083930477
20150901,206.0,206.970001221,200.915603638,202.789901733,5.04190285205,1026.2130414,203.626441544
20150902,202.839904785,206.522613525,201.410003662,205.0,4.53846050797,925.845068037,203.875790416
20150903,205.0,205.829986572,202.123962402,204.0,5.11665020459,1044.9389639,204.257501421
20150904,204.0,208.0,203.583557129,207.0,4.58052716897,945.706924609,206.523518451
20150908,215.800003052,220.48298645,215.25680542,217.88999939,6.484022529,1417.65242684,218.393025255
20150909,217.880004883,218.990005493,213.197753906,213.687301636,4.90065183495,1056.90558078,215.641753301
20150910,213.687301636,216.38999939,211.0,212.36000061,5.20009023553,1109.01466877,213.453151972
20150911,212.149993896,214.830001831,211.820007324,212.419998169,5.21492571771,1112.07461153,213.268302171
20150914,203.839996338,207.199996948,200.86000061,204.649993896,4.99870340271,1020.37977764,204.198782924
20150915,204.160003662,205.990005493,203.580001831,204.800003052,4.64316960909,951.473569304,205.005834664
20150916,204.779907227,205.510009766,200.11000061,202.699996948,5.96544276481,1210.09721078,203.284376216
20150917,202.800003052,208.5599823,201.679794312,204.363998413,5.92321095386,1212.16647904,204.215034916
20150918,204.13999939,206.660003662,203.507034302,206.539978027,4.83040426172,991.78324198,205.386259689
20150921,204.809997559,204.809997559,200.630996704,202.720001221,4.90136155566,992.18145112,202.607804592
20150922,202.739974976,208.0,201.009994507,206.75,5.61384619748,1152.68080668,205.554227333
20150923,206.679992676,208.0,205.0,205.38999939,4.03814183362,833.523155942,206.451861284
20150924,205.38999939,210.240005493,205.243057251,209.380004883,5.038023982,1045.35467702,207.469894079
20150925,209.369995117,213.0,208.102401733,209.34979248,4.52583841756,954.315310819,210.901336557
20150928,207.020004272,213.050003052,207.009994507,212.231994629,5.19962617987,1100.6749841,211.74931192
20150929,212.910003662,213.300003052,209.822479248,210.11000061,4.62998337781,978.409378587,211.434569929
20150930,210.11000061,212.389984131,209.13999939,211.479995728,3.85725212587,813.862896949,211.279516602
20151001,211.459976196,213.479995728,211.009994507,212.660003662,3.62501966718,769.660192522,212.313244479
20151002,212.949981689,213.899993896,209.022384644,210.96182251,5.07269044042,1073.97178745,211.987981322
20151005,212.658996582,214.950927734,210.0,214.589996338,4.13871028978,879.456465253,212.540367554
20151006,214.589996338,219.5,214.01109314,218.119995117,4.7522096234,1028.78013674,216.458155608
20151007,217.609786987,218.470001221,215.429992676,216.0,3.11862233749,677.503310084,217.381016821
20151008,216.0,217.317749023,214.810012817,215.080001831,4.46382291767,964.944434865,216.256786036
20151009,215.070007324,216.259994507,213.762573242,215.050003052,3.35125702915,720.352474837,215.077884897
20151013,216.360107422,221.144393921,214.908218384,218.980102539,5.98796049972,1308.23328092,218.394492781
20151014,219.452713013,222.609985352,218.11000061,220.0,4.65994175496,1026.52292853,220.16423426
20151015,220.0,224.759902954,219.934951782,223.220001221,4.7143210076,1049.80461505,222.684407716
20151016,223.227676392,235.598770142,222.366836548,230.332275391,7.28076742718,1664.98981743,228.246312202
20151019,230.0,235.5,228.0,232.699798584,7.05716289589,1639.65120925,232.474223712
20151020,232.699905396,238.999893188,230.899993896,237.459625244,6.59014557086,1548.93322957,235.071552912
20151021,237.329025269,238.419113159,232.501098633,234.799987793,5.22476775871,1229.5737922,235.447317345
20151022,234.800003052,247.234924316,234.529998779,246.000106812,8.13593311836,1975.50366305,242.656523415
20151023,245.057998657,251.209976196,245.057998657,249.550201416,6.15984759822,1535.42511982,249.327752682
20151026,257.011108398,258.700012207,253.0,257.6199646,4.52786377235,1161.71698054,256.712509982
20151027,258.0,267.989990234,256.912384033,265.289733887,7.41314312045,1953.34226267,263.241706055
20151028,265.51171875,277.0,265.493896484,276.679992676,9.33647388064,2538.41414936,271.800534527
20151029,276.850006104,291.0,274.0,284.237182617,10.561735665,2986.71135524,282.419153352
20151030,284.477813721,300.399993896,276.0,295.641204834,10.8725930676,3183.54611156,293.34251338
20151102,295.757995605,329.899993896,289.880004883,323.100006104,10.7971899962,3364.69020184,305.686090077
20151103,323.829986572,383.312744141,315.0,365.868988037,22.5129921858,7963.08946744,348.393514369
20151104,365.010009766,455.0,305.0,372.239990234,28.0507965636,11352.9793546,407.178589345
20151105,372.0,411.076690674,330.0,353.399993896,15.0981963334,5484.82637026,364.546871168
20151106,353.410003662,365.319824219,324.019989014,345.299987793,13.9784919173,4801.41970472,343.067563263
20151109,346.45526123,358.0,334.209991455,351.000030518,6.02339708298,2102.26649134,348.393482853
20151110,351.929992676,353.76965332,303.5,314.489990234,14.8321959847,4915.52411414,338.06523847
20151112,291.0,323.959991455,291.0,313.102203369,10.5445144582,3258.10917877,307.004650631
20151113,313.102203369,317.880004883,301.549987793,314.0,6.18973153031,1921.16095455,310.056062719
20151116,300.179504395,311.940002441,296.519989014,310.747467041,5.24227707923,1597.07496843,302.715477532
20151117,310.700012207,320.0,309.718414307,315.579986572,6.05857246453,1904.72010205,314.197888767
20151118,315.359985352,319.735778809,310.0,314.100006104,4.71330022655,1480.39260221,313.691905207
20151119,315.440002441,315.529998779,303.0,304.391479492,6.13863080745,1893.96121985,309.554719121
20151120,304.393157959,305.499908447,292.100006104,303.539978027,5.83246618179,1747.63815717,300.414821524
20151123,305.830108643,306.899993896,303.0,305.0,3.48921286981,1064.58483854,305.346403403
20151124,305.0,305.375762939,299.0,300.920013428,4.26066441783,1289.53219431,303.026325585
20151125,301.569885254,311.839996338,297.559997559,309.940002441,5.63353806857,1728.60731401,305.528659174
20151127,333.130004883,345.721984863,328.200012207,338.829986572,9.04686859413,3059.44560206,337.736958394
20151130,351.5,362.0,347.321563721,356.311035156,9.08655987421,3233.84176544,356.166714257
20151201,356.311035156,357.999908447,333.967224121,342.599914551,8.48805035503,2915.80044647,344.683567201
20151202,341.590118408,343.890014648,326.571563721,339.259887695,7.19147192664,2413.57084829,336.348406971
20151203,339.480010986,350.299987793,329.093994141,332.637908936,8.10242126362,2739.05838671,338.615799886
20151204,332.637908936,336.0,326.5,335.700012207,4.37983207417,1454.79423892,332.684855614
20151207,355.140014648,368.54989624,351.0,363.489990234,6.73940097307,2441.82492802,362.103446379
20151208,363.489990234,379.99798584,356.721588135,379.99798584,5.68926488015,2084.5616459,363.076351229
20151209,379.99798584,387.5,368.100128174,379.740905762,9.25955701837,3511.99715615,379.475165663
20151210,378.829986572,383.999969482,373.529998779,378.0,5.47503967391,2074.89821506,378.663951652
20151211,378.0,407.0,378.0,407.0,10.271620186,4041.76347614,392.844469713
20151214,393.619995117,407.0,388.679992676,401.089996338,6.95015259327,2787.38863006,400.794730118
20151215,401.063781738,423.179992676,397.779998779,423.179992676,8.05581024854,3327.79269566,412.218172876
20151216,423.149993896,423.169891357,398.100006104,414.498901367,9.52182545597,3937.72789878,415.657221324
20151217,414.498901367,419.0,409.299987793,417.984344482,3.76950822798,1571.03539938,416.887857084
20151218,417.107116699,424.549987793,415.010009766,423.790008545,5.15713643332,2171.03653564,421.412487817
20151221,405.950012207,407.850097656,390.22769165,399.899993896,8.09452472283,3233.26184619,400.034568985
20151222,399.721008301,404.299987793,395.00100708,396.972290039,5.42595243154,2165.74201284,399.474820244
20151223,397.049987793,405.847839355,396.779907227,402.799987793,3.88165142097,1560.68878049,402.016339858
20151224,402.899993896,417.440002441,402.899993896,414.529998779,4.53801121624,1876.2832481,413.450247402
20151228,386.739318848,392.928710938,382.0,385.379119873,4.42646507679,1714.54935564,387.671597826
20151229,385.259979248,396.0,383.0,395.980010986,5.5627473769,2174.61345393,389.878618434
20151230,395.970001221,397.989990234,386.600006104,390.079986572,4.75471090305,1865.6223085,392.599950326
20151231,390.109985352,397.989990234,382.0,395.769989014,5.25470930826,2055.03850304,390.989245767
20160104,395.369995117,402.801208496,393.690002441,400.339996338,4.51555325161,1796.91873664,397.742498589
20160105,399.440032959,404.0,399.040008545,401.899993896,4.60997145326,1850.66832527,401.356467026
20160106,401.79901123,402.609985352,397.089996338,399.378997803,3.25289033312,1304.00878889,401.11491793
20160107,399.589996338,421.600006104,399.0,421.379974365,8.69525943185,3610.65826756,415.2994118
20160108,420.509429932,425.999969482,411.109985352,417.25,5.88225288589,2465.66280937,418.99125017
20160111,412.700012207,415.5,408.757995605,414.720001221,3.92756805017,1620.95615146,412.88291644
20160112,414.720001221,415.450012207,401.619476318,403.910003662,4.50269115522,1856.10043557,413.290504164
20160113,403.910003662,404.507476807,389.690002441,398.790100098,6.40850073351,2554.36674057,399.266114292
20160114,398.800140381,400.99899292,392.451690674,398.307006836,3.87631429213,1544.07777122,398.548612428
20160115,398.307006836,398.989898682,331.519989014,332.440002441,16.4242515179,5972.02260079,370.195909465
20160307,366.226989746,375.829986572,363.429992676,373.539001465,7.71637179566,2864.87278192,371.320629602
20160308,373.54800415,376.0,369.730010986,373.989990234,5.70179188862,2125.45142569,372.894359736
20160309,373.790008545,375.989990234,371.07901001,374.899993896,5.5477259851,2075.04986008,373.899057427
20160310,374.899993896,381.0,371.399993896,373.196990967,6.94389383285,2600.40499163,374.241922159
20160311,372.149993896,381.5,371.615997314,376.480010986,5.40509188896,2041.26948412,377.199281532
20160314,368.042999268,374.5,367.00201416,373.75,6.25091587867,2320.30470443,371.482739774
20160315,373.75,376.04901123,371.911010742,373.299987793,6.35187848883,2377.12592218,374.408102825
20160316,373.37701416,375.989990234,371.311004639,373.059997559,6.07972271549,2271.50191559,373.823940129
20160317,372.420013428,375.0,370.130004883,371.489013672,6.86730608826,2557.82409674,372.490324391
20160318,371.489013672,372.838012695,359.00100708,362.950012207,9.16069988818,3355.416997,366.832911134
20160321,365.311004639,367.989990234,361.614990234,367.489990234,4.84908819231,1769.51817645,364.833406762
20160322,367.190002441,372.899993896,366.0,371.118988037,4.90847901215,1819.60663188,370.881357062
20160323,371.118988037,374.261993408,369.769012451,372.5,4.41976548266,1644.32123213,372.042221275
20160324,372.5,375.0,370.5,372.407012939,5.63448022015,2100.61106844,372.791017196
20160325,372.445007324,374.209991455,370.274993896,372.790008545,3.81514589763,1422.7796954,373.018975795
20160328,381.738006592,382.989990234,376.042999268,377.799987793,5.18094235026,1964.57250459,379.196239274
20160329,377.070007324,379.789001465,364.0,368.821014404,5.18053024422,1921.18581986,372.449819632
20160330,368.829986572,369.319000244,362.0,365.809997559,5.17432155377,1891.08393735,365.87913443
20160331,365.809997559,369.859008789,364.0,367.341003418,7.10757085954,2609.43070385,367.247934995
20160401,367.450012207,369.528015137,365.566986084,367.834991455,3.52614811526,1294.90649347,367.257737256
20160404,369.640014648,370.989990234,366.322998047,368.790008545,5.17895180554,1910.70254513,368.995627087
20160405,368.989990234,372.989013672,368.320007324,372.470001221,4.70122765862,1746.28569179,371.455050933
20160406,371.95401001,373.989990234,370.255004883,371.149993896,5.32642574167,1983.03194772,372.323216532
20160407,371.49899292,372.989990234,367.410003662,371.566009521,4.9738004761,1845.75586779,371.121794652
20160408,371.566009521,374.470001221,366.720001221,368.402008057,4.9657199646,1846.18205964,372.091843149
20160411,369.148986816,371.398010254,368.397003174,370.5,4.5895096378,1699.2482699,370.349272566
20160412,370.5,375.889007568,370.5,374.149993896,4.91587758256,1836.79030002,373.65453261
20160413,374.179992676,377.0,372.377990723,375.959991455,6.39451414184,2396.64043466,375.038160642
20160414,375.959991455,377.988006592,374.932006836,377.557006836,3.57403089839,1345.73378174,376.614512126
20160415,377.489990234,381.891998291,377.179992676,381.0,4.39352123429,1668.30038606,379.630991513
20160418,378.513000488,380.890014648,377.0,378.708007812,3.59154390522,1359.7448321,378.703565951
20160419,378.989990234,384.660003662,376.49798584,384.0,4.01912739895,1524.43519249,378.613633314
20160420,383.760009766,393.0,382.5,390.600006104,5.34211308514,2068.58881339,386.413417609
20160421,389.834014893,399.899993896,388.119995117,399.0,4.81796219081,1897.10263846,393.3784445
20160422,398.99899292,399.0,392.700012207,396.833007812,3.3253534016,1317.56060686,396.278291929
20160425,408.997009277,416.911010742,402.17401123,410.380004883,5.02719590508,2060.32485228,409.146087832
20160426,410.010009766,417.200012207,408.875,414.559997559,4.49096539792,1855.69786131,413.408927151
20160427,414.549987793,415.268005371,391.738006592,392.5,5.54969866389,2244.67298329,407.956175979
20160428,392.839996338,397.986999512,384.309997559,396.950012207,6.45686373009,2541.34035773,394.261763793
20160429,396.950012207,399.989990234,392.62399292,399.588989258,3.9045767609,1547.17834029,396.343246404
20160502,395.242004395,395.989990234,382.0,387.279998779,6.36188833323,2463.3629016,388.274874642
20160503,386.194000244,394.0,384.100006104,392.5,3.55740206135,1383.91140601,389.137992672
20160504,392.5,393.799987793,387.278015137,390.630004883,4.12165052858,1608.53054507,390.458996315
20160505,390.200012207,394.489990234,389.717010498,393.910003662,4.39806537468,1726.80071954,392.583704722
20160506,393.329986572,405.850006104,392.242004395,403.869995117,5.87477741703,2337.82160643,397.397351173
20160509,403.480010986,407.989990234,400.455993652,406.190002441,5.34904249907,2164.75218817,404.167934359
20160510,405.970001221,406.989990234,394.550994873,398.850006104,5.4380366535,2181.48000631,401.771111903
20160511,398.528991699,401.019989014,395.0,397.299987793,4.01333115854,1598.47142275,398.54385194
20160512,397.299987793,401.980010986,393.794006348,401.040008545,4.70410194838,1867.52646055,397.019985822
20160513,401.079986572,404.679992676,398.471984863,403.330993652,5.13095976589,2062.01936877,402.03502324
20160516,403.799987793,405.5,399.785003662,400.920013428,5.87414900568,2365.84446783,403.10638149
20160517,400.899993896,402.989990234,400.0,401.82598877,3.7650032573,1512.05907508,401.764712607
20160518,401.82699585,405.609985352,400.656005859,403.125,5.25245789589,2119.97905938,403.760247145
20160519,403.92401123,405.0,388.242004395,388.403015137,7.55182740882,3008.59579967,399.818893255
20160520,388.390014648,398.5,388.278991699,395.95300293,5.37426034723,2122.8250659,395.027618434
20160523,390.049987793,395.981994629,387.645996094,394.910003662,5.67704999587,2230.62507225,393.058320665
20160524,395.0,400.391998291,390.489990234,399.058990479,5.34808052718,2123.98773349,397.284576081
20160525,399.128997803,403.420013428,398.290008545,402.100006104,4.2650669475,1710.83621197,401.360795678
20160526,402.040985107,404.989990234,399.00100708,404.190002441,5.03855745911,2029.68852317,402.865696296
20160527,404.179992676,428.279998779,403.730010986,423.570007324,9.23581300382,3880.14890512,421.579132935
20160531,476.0,488.817993164,464.0,476.554992676,8.30404002832,3969.74015801,479.491766045
20160601,476.5,485.470001221,469.160003662,479.299987793,5.62604658153,2692.99696111,478.024587446
20160602,478.970001221,484.890014648,474.692993164,483.010009766,5.48227377233,2629.01762342,479.610181769
20160603,482.989990234,508.713012695,481.299987793,501.489990234,9.9960761232,4962.67294495,494.907390111
20160606,505.881011963,518.098999023,505.390014648,514.348999023,6.00371553102,3082.8517977,513.383144468
20160607,514.348999023,519.971008301,490.020996094,508.109985352,7.53599763989,3837.65311309,512.113639157
20160608,508.769989014,512.559997559,502.980010986,511.0,4.88894212581,2486.61700218,508.445289306
20160609,511.0,512.869995117,505.040008545,508.5,4.52958409407,2305.70046592,509.338355655
20160610,509.0,516.736999512,508.5,515.810974121,4.42969168793,2271.01578244,512.354337865
20160613,594.150024414,634.87902832,580.395996094,623.926025391,13.5652964469,8306.02855964,611.831805592
20160614,623.999023438,624.460021973,587.340026855,611.0,8.7973334333,5355.81723673,611.851025832
20160615,611.0,619.900024414,598.239990234,617.50402832,5.65036287633,3448.12539596,610.632856576
20160616,617.5,696.267028809,617.0,682.849975586,13.7741713702,9117.47629082,661.387648717
20160617,683.0,690.280029297,624.927978516,664.549987793,13.5441455093,8949.94494216,666.844733281
20160620,678.309020996,678.309020996,622.568969727,649.090026855,9.56245842521,6274.35106247,663.68314966
20160621,649.090026855,649.890014648,561.66998291,592.947998047,18.2922409983,10963.9551138,604.451636235
20160622,591.723999023,605.5,512.357971191,531.882019043,14.2019404366,8037.98579977,579.637679573
20160623,533.216003418,565.5,490.256011963,554.010009766,15.8752978108,8355.82147633,525.5328809
20160624,554.432006836,645.192016602,552.281982422,607.950012207,16.2404422967,9821.12480173,600.382672522
20160627,574.450012207,602.75,568.119995117,598.898986816,5.59739114664,3287.58121656,587.757136494
20160628,598.890014648,605.0,579.176025391,585.979980469,5.2063465649,3077.53017506,591.257152639
20160629,585.979980469,587.005981445,555.633972168,577.0,7.59060611777,4343.99466673,574.334249018
20160630,577.0,614.026977539,573.0,607.429016113,8.60546796852,5150.42726599,594.27053926
20160701,607.429016113,619.950012207,601.976013184,608.729003906,6.65610770503,4062.06993109,610.835487246
20160705,615.79699707,615.79699707,600.0,609.590026855,5.51366486672,3351.21515587,608.49289594
20160706,607.859008789,620.549987793,607.140991211,614.0,4.34061282784,2663.01877469,613.570120142
20160707,614.310974121,618.486022949,553.849975586,582.989990234,10.3479882863,5993.67534569,581.967224362
20160708,582.989990234,610.0,576.481018066,610.0,4.91043578399,2913.22195376,592.107501547
20160711,589.450012207,597.0,584.140991211,588.778991699,3.51823326792,2071.87838701,589.068703567
20160712,587.265991211,611.799987793,585.0,602.809997559,6.24740291112,3752.47950967,597.679841714
20160713,602.809997559,606.728027344,592.549987793,592.700012207,3.37687082259,2028.26781369,601.03424425
20160714,592.66998291,600.989990234,590.5,598.354980469,2.86582079077,1709.93402657,596.627889499
20160715,598.354980469,606.739013672,596.013000488,604.24597168,3.34349311981,2015.26328086,602.478578824
20160718,617.510009766,619.87298584,602.072021484,611.210021973,4.00614811226,2458.95950641,614.114224541
20160719,611.210021973,612.989990234,607.310974121,612.989990234,2.39213230065,1459.87723191,610.524384202
20160720,612.5,612.989990234,600.0,605.989990234,3.58409001045,2176.32116714,608.330954118
20160721,605.989990234,606.989990234,598.841003418,603.539978027,2.62108502408,1582.76417354,604.107425517
20160722,603.960021973,605.969970703,590.0,595.848999023,4.41947997665,2646.42456341,600.006866196
20160725,603.119995117,604.700012207,591.088012695,592.999023438,3.4937662992,2084.42678756,597.18995172
20160726,591.91998291,596.359985352,581.049987793,590.163024902,4.48584701133,2647.3706619,591.553841009
20160727,590.163024902,598.099975586,586.666015625,592.929992676,4.00678459919,2378.85938816,593.367155384
20160728,592.929992676,595.0,587.802001953,590.190979004,2.62789236609,1554.10807353,591.750039838
20160729,590.190979004,591.888977051,587.437988281,587.698974609,2.26139903327,1333.6105767,589.693416723
20160801,556.0,589.302978516,530.018005371,530.729980469,6.24957456152,3434.72711676,551.681151516
20160802,530.700012207,589.302978516,430.0,480.980010986,17.8425434426,8900.45318885,522.279636143
20160803,480.980010986,518.989990234,462.619995117,508.609985352,11.4019914366,5636.16084463,493.40371565
20160804,509.889007568,529.0,508.0,524.75,6.48497240357,3376.0424832,520.330613303
20160805,524.807006836,525.513977051,514.755981445,521.890014648,2.85464218791,1486.95198481,521.23385975
20160808,540.877990723,541.815979004,534.005981445,536.520019531,2.80091655939,1508.57021764,538.557840234
20160809,536.520019531,537.32598877,528.799987793,529.12902832,3.83906329824,2047.87657506,533.806524614
20160810,529.130004883,540.0,521.0,531.192016602,4.49730849943,2399.46517591,532.42724272
20160811,531.098999023,537.5,527.390014648,528.719970703,3.36752066992,1796.54797669,533.405484119
20160812,528.0,529.687988281,521.309997559,527.25,3.21086025108,1690.12312111,526.627959227
20160815,510.99798584,513.517028809,501.109985352,507.119995117,3.63771881927,1850.77877264,509.26997579
20160816,506.779998779,521.130004883,503.032012939,513.369995117,4.4734745002,2287.09179806,510.374155672
20160817,513.369995117,517.943969727,506.209991455,508.437988281,2.76459565765,1415.90369644,512.230994514
20160818,508.437988281,511.485992432,505.700012207,506.899993896,3.29813591918,1676.62244449,508.487111305
20160819,506.898986816,513.66998291,505.70098877,508.888000488,3.19537884381,1629.77789598,509.515907945
20160822,514.706970215,520.950012207,513.481994629,518.833984375,3.15397051542,1631.3438093,517.343379957
20160823,517.903991699,519.817016602,513.562988281,515.729003906,3.62666417661,1873.13709098,516.671594184
20160824,515.609985352,517.59197998,513.0,515.0,2.91092945287,1500.39391785,515.652968384
20160825,515.0,515.739013672,508.00100708,510.910003662,3.27153525096,1669.22754586,510.492216018
20160826,510.910003662,516.49798584,508.209991455,516.489013672,3.09302591088,1585.49991023,512.830862937
20160829,511.510986328,516.586975098,510.99899292,511.899993896,2.89588800425,1487.09170955,513.492679291
20160830,511.75,518.539978027,511.683013916,515.486999512,3.25201349598,1678.63056297,516.496224921
20160831,515.940002441,518.109985352,511.735992432,514.29901123,2.58465189835,1329.70862255,514.555318364
20160901,514.299987793,514.960021973,508.910003662,509.75,3.2810013091,1677.07788155,511.635477891
20160902,509.74899292,514.0,507.697998047,512.989990234,2.82218353428,1443.54366074,511.511099818
20160906,543.046020508,547.49597168,538.851013184,542.960021973,3.32729018256,1809.26621802,543.263985908
20160907,542.801025391,546.989990234,538.140014648,546.099975586,2.70819718531,1472.45973646,544.176162192
20160908,546.099975586,557.429992676,544.645019531,556.031982422,4.26806702939,2362.92774183,552.984703009
20160909,556.489990234,557.0,548.0,554.507995605,3.05647749216,1691.18798379,553.574180559
20160912,540.5,542.776000977,538.184997559,542.29699707,2.51234444334,1358.61553352,540.873554672
20160913,542.29699707,547.168029785,540.0,545.0,3.85004695312,2092.51667117,543.20129366
20160914,544.721008301,546.890014648,542.0,543.75,2.79791352343,1523.79012031,544.701222345
20160915,543.869995117,544.960021973,540.0,540.700012207,2.93772075834,1594.33616504,542.869108412
20160916,540.700012207,545.0,540.017028809,544.679992676,3.80511889147,2069.41518931,543.693457253
20160919,545.760009766,546.224975586,543.267028809,543.289978027,2.58622096427,1408.53752017,544.653648176
20160920,543.398010254,545.354980469,541.849975586,541.989013672,3.2419759707,1763.70535364,544.084984409
20160921,541.851013184,541.851013184,520.476989746,533.979980469,4.72694374422,2528.07085023,535.656735676
20160922,533.978027344,534.750976562,529.116027832,531.489990234,3.49848265577,1859.34603095,531.804529826
20160923,531.478027344,538.0,530.0,537.989013672,3.45131933799,1847.95177655,534.915054306
20160926,535.953979492,542.82800293,535.039978027,541.469970703,3.05702630233,1651.7617643,539.745288225
20160927,540.991027832,546.0,539.427001953,542.500976562,3.28803998181,1781.29937251,541.74715473
20160928,542.749023438,547.692016602,539.750976562,539.75201416,2.93728066465,1593.10925001,542.110021341
20160929,539.75201416,545.130004883,539.585998535,541.979980469,3.3782696718,1832.52547511,542.302993116
20160930,541.979980469,547.17199707,540.020019531,546.093994141,3.42447440392,1861.56164322,543.406892654
20161003,545.999023438,548.973022461,544.244018555,547.353027344,2.25676411744,1234.56333955,547.226143873
20161004,547.353027344,548.0,544.0,547.150024414,3.0364519106,1659.69679034,546.6639536
20161005,547.150024414,552.482971191,544.880981445,550.476013184,3.37609439724,1853.8749521,548.873000691
20161006,550.476013184,553.380004883,547.781982422,551.234985352,2.8306574848,1558.82388948,550.792604771
20161007,551.25,560.789978027,550.007019043,556.0,3.36808267285,1875.86709013,556.468909648
20161011,558.0,586.609985352,556.171020508,581.609985352,5.70636921269,3279.01220051,574.800595932
20161012,581.609985352,584.770019531,576.50201416,577.460021973,4.05086996605,2350.26123487,580.416920368
20161013,579.359985352,579.989990234,572.5,574.151977539,3.00806727698,1735.34780305,577.221289543
20161014,575.090026855,584.700012207,573.940979004,583.349975586,4.67797644899,2715.39168504,580.692185166
20161017,583.989990234,584.989990234,580.119018555,581.599975586,2.76058487314,1608.90211968,582.804039631
20161018,581.242004395,585.344970703,578.429992676,581.979003906,3.92278324848,2283.02727458,581.756921119
20161019,581.239990234,582.989990234,572.510009766,576.989990234,4.3762484466,2531.07601514,578.615046796
20161020,576.963989258,583.0,574.018981934,579.653015137,3.3729014985,1951.29445326,578.250352674
20161021,579.653015137,584.0,579.393005371,581.736022949,2.79151667075,1626.03528504,582.4387355
20161024,600.221984863,601.989990234,596.0,600.0,3.82074009541,2290.58567204,599.51046562
20161025,600.200012207,614.979003906,599.981018066,605.559997559,4.53442900248,2744.53924281,604.728836086
20161026,605.549987793,626.0,604.122009277,621.0,5.54050078016,3412.42255816,614.008084061
20161027,621.0,635.119995117,619.810974121,630.729980469,5.21712801638,3279.44905594,628.493917391
20161028,630.849975586,634.0,626.219970703,628.969970703,3.90901956094,2463.18096124,630.141349071
20161031,629.013000488,646.223022461,616.510009766,634.849975586,4.73920223243,3021.85415079,636.697541743
20161101,635.559997559,666.338989258,634.393981934,658.549987793,5.91303417481,3881.90206183,655.91623486
20161102,659.578979492,669.499023438,648.0,669.364013672,3.96513256159,2601.58645581,656.03431617
20161103,669.364013672,672.400024414,604.260009766,620.869995117,12.0450525417,7678.98508053,651.880700348
20161104,620.37097168,638.164978027,614.25402832,632.817016602,5.42072932693,3410.21498228,630.10476687
20161107,638.599975586,640.58001709,629.344970703,634.0,2.83172036757,1798.36985335,635.606390762
20161108,633.0,650.411010742,632.0,643.940002441,4.42595952931,2840.82674541,639.970257251
20161109,643.999023438,669.0,638.5,662.0,7.71161600092,5075.39667039,658.706895287
20161110,661.969970703,662.038024902,651.0,657.776000977,3.4596903009,2267.22160796,655.545187752
20161114,648.0,659.200012207,643.140014648,655.590026855,3.91423400722,2555.32354051,652.623170742
20161115,655.989990234,667.989990234,653.986999512,661.114990234,4.47780653659,2961.64750096,660.962462109
20161116,660.059997559,697.390014648,659.031005859,692.0,7.89437985773,5381.20507288,677.630117973
20161117,692.0,699.989990234,677.859985352,690.450012207,4.7424044618,3288.3155066,694.308473393
20161118,691.83001709,710.447998047,685.12701416,703.760009766,4.45970185107,3131.46230661,700.827964596
20161121,689.130004883,701.443969727,686.539978027,694.869995117,3.66163582575,2542.15430225,694.040243644
20161122,694.869995117,713.5,689.010009766,705.200012207,5.00790112313,3522.10024436,701.121628169
20161123,705.398986816,707.698974609,692.099975586,702.935974121,4.61133721187,3229.21648657,701.818707655
20161125,700.786987305,702.489013672,691.306030273,702.375976562,3.17401047982,2211.90123039,697.086140343
20161128,691.479003906,698.5,689.0,694.356994629,3.09514875269,2148.01512785,694.152290174
20161129,694.314025879,695.989990234,690.0,690.971984863,3.00675596403,2085.32383977,693.750549015
20161130,690.999023438,703.83001709,689.861999512,701.799987793,4.26178980373,2980.83750158,699.772637166
20161201,701.79901123,712.549987793,699.301025391,707.880004883,4.01242634243,2841.68493032,707.67632223
20161202,707.79498291,736.0,706.617004395,728.937011719,5.79502619201,4193.61426014,723.340737216
20161205,732.885986328,735.119995117,702.0,706.143981934,5.82786981703,4149.05269686,713.796727133
20161206,706.429992676,720.0,704.239990234,717.71697998,4.160230208,2972.10556185,714.101525632
20161207,717.741027832,724.84197998,711.943969727,719.588012695,3.64639051712,2623.10687957,719.118347168
20161208,717.940979004,729.979980469,712.950012207,725.135009766,4.41920180611,3200.32692811,723.678993116
20161209,725.133972168,735.700012207,724.310974121,733.958007812,3.16112308016,2312.69269378,731.428807256
20161212,731.268981934,743.450012207,730.570007324,736.116027832,3.94463966867,2908.64923967,737.01808872
20161213,736.982971191,743.310974121,727.190002441,736.479980469,3.49084960238,2574.01466829,737.763394881
20161214,736.479980469,740.869995117,730.604003906,740.49798584,3.22149051002,2375.03957096,737.84573253
20161215,740.49798584,750.820007324,739.75201416,747.218994141,3.11598038873,2325.81084136,745.723037092
20161216,748.0,756.718017578,746.059997559,751.809997559,3.28075143031,2464.44909805,750.8449259
20161219,758.950012207,765.34197998,756.799987793,764.979980469,3.38639146893,2580.65916384,762.321379707
20161220,764.979980469,779.0,761.231018066,777.479003906,3.88772864025,2992.2143487,768.467343523
20161221,777.450012207,799.426025391,774.0,799.42401123,6.66537364858,5260.80245436,786.466004267
20161222,797.971008301,839.900024414,797.289978027,824.92401123,9.09591240683,7497.74757377,822.827348812
20161223,824.99798584,889.711975098,824.659973145,885.408996582,12.1243190866,10467.2102726,864.523934325
20161227,862.039978027,899.789978027,856.835021973,892.927001953,6.5325125207,5795.43109438,881.927783153
20161228,892.92401123,939.989013672,891.95300293,938.880004883,10.294868421,9479.36970806,920.438886981
20161229,938.187988281,940.0,907.5,926.142028809,6.54433068357,6069.06097659,929.429110469
20161230,926.140014648,926.150024414,881.030029297,914.327026367,7.53618178689,6820.05389104,908.995939367
20170103,971.760009766,995.900024414,960.200012207,995.0,6.07742302609,5946.7418797,977.947312192
20170104,995.659973145,1089.0,993.068969727,1067.36401367,15.3740390227,16079.9575868,1036.85473991
20170105,1069.77697754,1087.43005371,895.200012207,948.940002441,23.430537628,22706.0616185,997.064311444
20170106,948.799987793,978.999023438,827.719970703,852.325012207,17.5949502517,15379.3357164,888.131156256
20170109,868.0,868.0,831.690979004,858.0,5.81987698849,4962.28856248,853.736836386
20170110,858.823974609,874.0,854.380981445,865.0,4.27841539411,3700.7315735,864.460726951
20170111,865.0,876.0,741.0,750.0,19.9309830586,15792.8597599,806.229974404
20170112,750.0,791.219970703,716.312011719,764.989013672,13.3627150787,9985.54105099,747.00502002
20170113,764.989990234,791.219970703,737.780029297,783.525024414,8.73151485504,6693.13491235,767.976043439
20170117,792.666015625,859.0,790.49597168,853.482971191,9.51285247972,7948.53324871,833.716999986
20170118,853.32800293,860.0,803.280029297,843.0,9.03122576506,7472.49189224,834.719168792
20170119,843.0,855.0,832.491027832,847.559020996,5.86101161296,4953.81154288,844.734167393
20170120,847.645019531,850.0,830.0,841.0,3.78120947462,3183.80035546,843.244691951
20170123,867.710021973,873.659973145,852.690002441,857.799987793,3.71714914114,3208.50869229,862.914927981
20170124,857.799987793,865.768981934,830.099975586,830.973999023,8.11960178064,6870.47623397,848.531814647
20170125,831.0,843.989990234,830.223022461,836.0,3.68378973493,3084.70852833,837.529757085
20170126,835.989990234,863.940002441,834.0,858.190979004,4.19451227563,3568.2951844,849.902327169
20170127,858.190002441,870.268981934,852.890014648,861.598999023,3.50938844835,3024.44146394,861.127134054
20170130,856.106994629,866.340026855,848.158996582,860.0,3.64396468036,3133.89886715,860.227980512
20170131,859.968994141,901.249023438,859.159973145,898.789978027,6.83604977548,6054.0403165,881.323412449
20170201,898.867004395,919.849975586,896.570007324,919.849975586,5.48300375961,4979.2760022,908.08312554
20170202,919.539978027,942.479003906,908.099975586,937.510009766,5.55216348989,5141.73972485,924.964678677
20170203,938.989990234,957.312011719,923.840026855,945.0,7.57137695315,7134.1870631,944.078092019
20170206,943.599975586,959.700012207,940.0,952.918029785,3.48032012756,3318.56114711,952.905460967
20170207,953.690002441,990.0,952.719970703,988.526977539,6.50469561169,6359.13498861,977.071405405
20170208,988.489990234,1000.11999512,963.318969727,986.5,8.25665388327,8122.62626568,987.9640988
20170209,986.500976562,1007.47998047,847.999023438,926.5,18.3293888156,17097.4825087,959.775108442
20170210,926.473022461,949.0,886.0,939.765014648,8.61784400934,7900.46223604,919.037096745
20170213,945.767028809,948.989990234,916.939025879,943.50402832,4.09230068297,3834.87380076,943.312983659
20170214,943.50402832,964.159973145,935.440002441,958.119995117,5.4114757206,5162.17470244,952.483589478
20170215,955.661010742,965.0,951.950012207,959.088012695,3.07106948048,2945.84629891,958.983252844
20170216,958.075012207,988.890014648,958.075012207,979.223022461,4.88734741047,4764.78824093,973.382873439
20170217,979.976013184,999.82800293,975.0,991.411010742,5.27995621264,5231.88229165,989.358856078
20170221,1019.01000977,1063.86999512,1015.7800293,1062.0,8.66520113179,9037.59402725,1041.93091659
20170222,1062.0090332,1074.21899414,1046.68005371,1064.96704102,6.04932776969,6425.68168257,1061.63039502
20170223,1064.96899414,1124.48400879,1062.47998047,1111.31896973,8.28849737974,9045.83877861,1085.12721097
20170224,1111.31896973,1147.22998047,1071.09997559,1120.26000977,12.3861508236,13785.8044846,1119.94493032
20170227,1110.68896484,1125.0,1104.44897461,1122.24304199,4.24530652997,4744.47163713,1117.6708795
20170228,1123.39001465,1134.2199707,1109.5,1115.98901367,5.28309361958,5918.53489768,1120.08232695
20170301,1115.98901367,1164.0,1114.09997559,1154.30102539,6.07088717907,6944.06191032,1138.51176705
20170302,1155.09997559,1200.08996582,1140.5489502,1192.54003906,7.78236238395,9161.368676,1172.98835681
20170303,1192.5,1225.0,1180.61853027,1209.96899414,7.79187278796,9388.96739939,1201.8801135
20170306,1191.79394531,1213.0,1184.71203613,1206.50097656,3.73559148316,4499.67107541,1202.41577101
20170307,1206.0,1208.90002441,1128.01000977,1164.39904785,10.4853885051,12249.4574402,1183.41306504
20170308,1164.40002441,1173.32995605,1063.18200684,1067.23999023,13.3121173672,14895.3668274,1129.62339395
20170309,1068.41003418,1137.7199707,1059.82995605,1126.31103516,8.56711974806,9517.71432993,1109.22395302
20170310,1126.0,1227.44995117,952.931030273,1042.4699707,23.9621030437,26530.5617838,1132.84098106
20170313,1146.76000977,1162.41003418,1126.09997559,1151.86401367,8.5766467392,9835.53336389,1146.84872031
20170314,1150.89404297,1178.0,1140.54296875,1164.33203125,5.34550141286,6213.31042489,1160.207556
20170315,1164.49902344,1179.49804688,1160.0,1165.71203613,5.15176813113,6025.79111044,1168.33618807
20170316,1165.8260498,1169.97595215,1010.0,1076.16003418,16.7045114126,18434.7316229,1124.81825663
20170317,1074.59997559,1075.08703613,975.0,991.395019531,18.9499593972,19407.2740204,1033.33098093
20170320,942.520996094,977.008972168,925.719970703,954.827026367,10.1199813646,9667.9868735,955.368378494
20170321,954.82598877,1030.0,951.523010254,1026.99694824,11.1192562904,11172.0855699,1001.14713309
20170322,1026.9909668,1026.99804688,911.0,955.406005859,15.4043687542,14839.6683104,973.009744461
20170323,956.200012207,976.109985352,935.650024414,951.999023438,6.9338200117,6649.12204976,958.194564853
20170324,951.510009766,954.400024414,845.0,855.109985352,16.3906200573,14737.5737978,912.580708748
20170327,882.437988281,957.661987305,874.219970703,953.630004883,10.4292121397,9636.14956896,916.279453107
20170328,953.62298584,975.0,932.780029297,959.190002441,10.9198090472,10448.2781762,956.295088385
20170329,958.0,975.609985352,918.929992676,961.888000488,8.2836884638,7873.22282381,951.59775114
20170330,961.888000488,970.75,950.0,965.653015137,6.57097766744,6311.03283574,961.586651696
20170331,965.33001709,1013.25,965.33001709,1006.98999023,10.0475391804,9943.07070339,986.566361454
20170403,1029.39294434,1084.26599121,1027.32995605,1073.4699707,8.70546865673,9253.26295309,1062.79365074
20170404,1073.98999023,1089.33996582,1050.0,1064.7199707,7.62437532936,8153.83579168,1071.00085105
20170405,1067.0,1069.98901367,1040.95996094,1060.0,6.53555291372,6896.55709512,1057.33244677
20170406,1060.0,1141.72998047,1060.0,1129.14794922,10.8537176442,11960.0421638,1093.79557892
20170407,1128.54003906,1140.0,1106.63793945,1124.0,7.00120958881,7865.97924438,1122.69113297
20170410,1130.94299316,1145.0,1128.08996582,1133.35095215,4.08738877086,4649.16872549,1137.41421721
20170411,1133.37194824,1159.51000977,1126.45996094,1148.97595215,4.65066319123,5319.63174546,1144.28394983
20170412,1148.98498535,1155.0,1133.73999023,1138.2800293,4.65995215004,5333.92953656,1145.6801026
20170413,1139.18005371,1141.98999023,1080.19995117,1099.10095215,9.153265027,10139.6372878,1113.50338619
20170414,1100.37695312,1121.0,1093.0,1110.75195312,4.89837828398,5433.07608655,1109.60572971
20170417,1109.84802246,1130.05004883,1104.79504395,1115.59899902,3.82537428644,4270.39391366,1113.78685072
20170418,1115.5970459,1133.73999023,1111.31994629,1121.0,4.13737444507,4656.71454292,1125.05844959
20170419,1120.82995605,1130.48999023,1115.17895508,1127.89001465,4.42401473734,4968.19882577,1123.1515054
20170420,1127.86999512,1158.0,1119.58898926,1152.97900391,6.90069569581,7867.7978188,1139.24910315
20170421,1152.96899414,1166.0,1148.54797363,1158.29504395,4.88306171395,5658.19217916,1158.12746363
20170424,1143.98901367,1159.0,1141.16003418,1156.38000488,3.96812057223,4561.16936858,1149.07348467
20170425,1156.36804199,1174.0,1152.75,1168.84594727,4.80375449077,5590.38906522,1162.46152325
20170426,1168.85705566,1199.80297852,1161.09997559,1180.99902344,6.50913566559,7697.55442999,1179.30666093
20170427,1180.99804688,1224.56994629,1175.51098633,1216.5369873,7.74330035184,9318.77943019,1200.75081014
20170428,1213.40002441,1223.98999023,1179.94995117,1206.77001953,8.30408117766,10014.1063279,1208.02311535
20170501,1221.87194824,1290.0,1215.00097656,1252.81994629,10.5278473286,13152.0883933,1244.10305262
20170502,1252.81896973,1339.0,1248.73803711,1318.88793945,10.9430509525,14279.2693504,1299.46274715
20170503,1317.99597168,1385.98901367,1221.93005371,1377.38903809,9.3463446558,12567.3414754,1341.87379159
20170504,1377.39001465,1475.0,1296.41394043,1375.45605469,19.4828786898,27254.3132215,1403.43081704
20170505,1375.45605469,1446.75,1354.03100586,1374.20996094,14.8549649057,20873.3897533,1405.58516787
20170508,1413.4329834,1510.0,1411.38000488,1509.99902344,13.2364192636,19483.8924433,1468.68916096
20170509,1510.0,1615.0,1494.0,1571.33996582,16.6085669928,26083.6460116,1565.41177436
20170510,1571.33898926,1647.22998047,1543.66003418,1636.0880127,11.5975362534,18669.7801356,1604.23152513
20170511,1636.89599609,1731.29296875,1610.27001953,1690.00598145,13.8282555895,23330.0384247,1682.21794306
20170512,1690.00598145,1695.92199707,1505.64001465,1558.1739502,17.892271951,28649.1796148,1631.11397515
20170515,1641.33605957,1647.35205078,1551.38000488,1599.99597168,11.299574114,17995.2614794,1600.84025562
20170516,1598.66894531,1622.0,1563.57202148,1608.9699707,8.73897063474,13910.2876542,1592.82525895
20170517,1608.9699707,1685.0,1598.51000977,1649.98999023,11.1647514465,18466.9972866,1653.17347067
20170518,1649.98901367,1705.0,1638.86999512,1703.0,9.77959129078,16373.3749784,1671.31268511
20170519,1703.0,1754.88793945,1681.0,1750.0,11.2090174584,19387.140721,1728.13827069
20170522,1800.45898438,1941.73999023,1757.40002441,1849.00195312,19.9712130326,37348.2878144,1868.51633508
20170523,1850.0,2110.67700195,1817.66003418,1990.27001953,13.8376307292,26837.6219828,1933.86177799
20170524,1990.6340332,2228.33007812,1981.84094238,2117.99902344,20.220844395,42489.5704564,2091.51346842
20170525,2117.99707031,2406.19995117,1932.07995605,1971.01000977,27.6066691958,60724.2103208,2231.63656345
20170526,1971.01000977,2277.73999023,1834.31994629,1970.58300781,26.6272011616,55194.3613945,2094.19006416
20170530,2039.0,2082.16992188,1893.92004395,1910.99902344,17.4810176043,35290.7260049,2028.71670738
20170531,1909.48205566,1915.0,1909.48205566,1915.0,28.3541460037,54236.296875,1912.83886719
