Date,Open,High,Low,Close,Volume_(BTC),Volume_(Currency),Weighted_Price
20140107,874.670410156,892.067504883,810.0,810.0,0.240344279023,202.33035048,841.199571815
20140108,810.0,899.842834473,788.0,824.982849121,0.17281761667,145.020986627,836.685899339
20140109,825.563476562,870.0,807.420837402,841.919372559,0.156678758575,130.287623378,833.680776743
20140110,841.86932373,857.340576172,817.0,857.330566406,0.191322607986,161.655087925,843.516332717
20140113,847.321533203,860.0,815.0,835.0,0.244048365458,203.111693627,833.617822035
20140114,835.0,877.293029785,805.0,831.0,0.688323507674,581.658237108,839.829124119
20140115,831.0,864.0,828.0,850.003662109,0.268302588537,227.92557251,844.036503906
20140116,853.0,865.0,824.0,826.97076416,0.227000107682,192.297444801,840.226991199
20140117,824.126403809,835.06427002,788.0,804.0,0.302965968196,244.248053377,802.032341617
20140121,840.0,845.989990234,820.099975586,829.010009766,0.313426093114,262.330984397,836.838168058
20140122,829.0,834.531433105,821.0,830.890014648,0.190290719064,157.960360315,828.651326497
20140123,822.400024414,830.888977051,821.0,830.888977051,0.330892882304,272.94462413,828.064046805
20140124,830.888977051,835.48425293,783.0,803.019348145,0.384754883858,314.879186792,817.019336877
20140127,826.701049805,840.0,780.0,780.0,0.594986792735,477.454144123,816.896976725
20140128,780.0,830.0,775.0,815.989990234,0.437601226421,352.322804074,794.866373698
20140129,815.989990234,826.225708008,795.0,795.0,0.357064169298,287.335694289,803.407273778
20140130,802.452209473,815.231323242,787.010009766,808.0,0.391720250451,314.276162217,803.032973137
20140131,808.0,812.634094238,801.0,812.190368652,0.217996540557,175.773907236,806.213644771
20140203,814.864318848,819.799987793,803.649291992,819.780029297,0.227270746778,184.292209327,810.193178177
20140204,808.0,819.780029297,799.578979492,802.400024414,0.228518737629,184.451821165,807.12482666
20140205,802.400024414,815.899353027,802.400024414,802.5,0.565097730061,454.188599652,805.236513335
20140206,802.5,803.727111816,767.608825684,767.608825684,0.563202083732,438.174791797,783.28138326
20140207,775.205078125,775.205078125,666.350402832,714.122070312,0.372547197199,266.669164829,726.111730115
20140210,686.836120605,748.0,550.0,690.200012207,0.246749324893,161.961897805,659.867769099
20140211,690.200012207,720.0,660.0,714.561096191,0.294967023832,204.336309639,689.993181887
20140212,709.929992676,709.929992676,651.309020996,670.665893555,0.441046262011,298.962105047,680.221174622
20140213,671.0,680.0,595.629516602,623.945800781,0.538267761188,336.406098935,642.579554546
20140214,629.074829102,710.0,586.429992676,670.339660645,0.251183022514,162.94725848,642.737743852
20140218,639.696838379,652.507385254,623.0,636.520080566,0.245232234186,156.274046206,637.659262264
20140219,634.932800293,640.0,602.906677246,630.161804199,0.371526750387,233.039018771,633.18042341
20140220,631.741149902,641.362426758,561.145996094,561.145996094,0.380837221274,229.587770791,599.753878386
20140221,567.26574707,597.053527832,547.72277832,572.274414062,0.268645724591,153.047316965,570.853579203
20140224,610.970581055,616.900817871,540.636108398,572.0,0.267549384507,156.194655571,584.175197292
20140225,565.383239746,568.093383789,450.0,535.598327637,0.341725481562,176.378847789,512.08292493
20140226,540.898620605,650.0,540.898620605,587.27130127,0.548869955335,324.703920641,590.229979836
20140227,599.006530762,629.900024414,580.5,596.48626709,0.334063454543,197.975462661,597.997154069
20140228,589.088623047,599.0,570.0,573.941162109,0.505532368016,294.201731852,583.882182154
20140303,583.735595703,700.0,583.735595703,666.943481445,0.455329494251,286.408598831,641.699310098
20140304,675.0,720.0,661.476745605,680.599975586,0.200879661521,138.092310587,691.728194527
20140305,680.599975586,690.171386719,660.010009766,680.989990234,0.249053646245,167.710067346,674.633861723
20140306,670.010009766,693.0,660.099975586,666.704101562,0.264725535731,177.580356951,671.265640259
20140307,670.082885742,680.463012695,628.73046875,636.200500488,0.212851953848,139.301494165,649.915808584
20140310,641.989990234,684.5,630.0,642.075683594,0.165990744891,107.869965739,640.846525493
20140311,646.934204102,665.934204102,560.0,641.0,0.739461977621,453.712055678,638.210546875
20140312,648.145019531,660.0,550.275024414,631.669250488,0.125773989069,80.4142338299,645.005987919
20140313,632.310913086,657.991027832,620.0,653.397583008,0.183428523635,118.566561376,646.982620239
20140314,653.397583008,654.913879395,550.0,631.239562988,0.746396738405,475.248072532,646.501803311
20140317,641.141479492,641.141479492,616.001037598,637.731262207,0.190845549665,119.643708849,631.519140625
20140318,628.0,633.989013672,610.010009766,619.783081055,0.226220284145,139.625453434,620.783358765
20140319,622.0,633.663024902,612.219970703,620.062011719,0.162604806071,100.765794002,621.28515984
20140320,621.086608887,625.017883301,590.0,590.0,0.205997465749,124.080206446,605.789796528
20140321,590.0,615.2265625,580.0,590.0,0.159519609855,94.7812730181,592.619508033
20140324,574.219970703,592.538696289,554.504516602,585.400268555,0.210548712386,120.43630806,575.146409776
20140325,584.0,591.149719238,579.0,584.0,0.31462706517,183.672566301,583.387952303
20140326,579.049987793,641.141479492,579.0,585.085083008,0.344240788438,201.500842957,584.725484748
20140327,585.099975586,599.273803711,500.010009766,512.788818359,0.291849342711,160.419158621,548.168730933
20140328,507.714172363,553.0,500.0,516.481079102,0.445805831008,232.222471385,525.71667387
20140331,468.7628479,530.0,443.350006104,462.385925293,0.209364386787,98.000650349,461.085009984
20140401,465.33984375,503.231109619,465.200012207,489.0,0.324952227364,159.089264039,487.136289535
20140402,489.0,497.146789551,443.625,443.625,0.240492794297,115.982363711,472.052463238
20140403,440.010009766,463.700012207,426.454223633,461.850006104,0.239954326698,107.577001816,446.864273943
20140404,454.060333252,550.0,440.0,458.841491699,0.198788367137,91.5148047954,455.815825195
20140407,465.491241455,475.320495605,450.0,462.079467773,0.337446037442,156.036189831,461.563396636
20140408,465.814208984,465.824188232,450.0,458.874694824,0.123883960486,56.5274271752,461.328834534
20140409,459.213867188,462.090301514,450.0,452.998535156,0.0808708617198,36.8969114849,455.439217704
20140410,450.010009766,450.010009766,368.13671875,371.783508301,0.239170712075,99.831886602,408.009650336
20140411,368.104278564,583.753295898,353.758026123,431.0,0.257920327116,105.925145945,402.562568447
20140414,411.338287354,480.0652771,411.338287354,451.057373047,0.533636917163,237.006555883,446.344388962
20140415,472.779846191,573.669250488,450.498779297,535.113891602,0.229937046176,115.131726539,504.042137316
20140416,529.813110352,544.567932129,490.555786133,523.530151367,0.457650463723,239.572426156,521.7623806
20140417,523.530151367,530.358642578,495.53036499,503.847900391,0.189136409995,97.2027320734,508.692928898
20140418,504.602203369,515.0,477.190338135,485.373687744,0.463089210744,230.124171588,493.303986942
20140421,507.0,517.310241699,485.0,496.4168396,0.666640233499,331.788315975,504.982601459
20140422,501.336761475,510.489990234,484.622375488,489.72442627,0.325638127247,162.400449179,501.359371019
20140423,492.852416992,497.734619141,489.0,495.617004395,0.41304860061,204.005582424,495.33836634
20140424,495.0,503.481323242,490.0,503.481323242,0.326222968886,160.603150465,495.265003551
20140425,496.686218262,496.686218262,449.0,471.430358887,0.37721619614,177.646247235,467.108245437
20140428,435.0,455.094207764,429.085388184,444.094665527,0.127242528411,55.845670096,441.479268825
20140429,444.094665527,454.623291016,435.652709961,445.679656982,0.281193443034,126.016667812,444.7394104
20140430,450.084564209,452.824371338,441.230285645,448.343170166,0.362306370585,162.877273676,448.783935547
20140501,448.0,464.417663574,448.0,459.324676514,0.426748408518,195.034133237,455.824056289
20140502,456.080444336,456.080444336,446.494110107,455.163818359,0.643258614508,290.717909417,451.261199951
20140505,436.594055176,440.0,429.179992676,429.179992676,0.282869226765,122.4501266,434.373495483
20140506,429.179992676,439.689727783,422.190002441,431.869506836,0.102606338703,44.2271658418,432.157823835
20140507,431.869506836,452.744232178,431.612731934,441.886138916,0.783115406814,351.927167542,441.448479286
20140508,446.261230469,451.999755859,441.808990479,448.261749268,0.445255712212,198.227242736,445.697495681
20140509,441.808990479,459.222137451,441.808990479,450.625030518,0.194946271752,87.9874490437,451.75319708
20140512,437.127593994,445.221710205,432.212982178,440.817871094,0.653776850805,285.811674248,438.778184371
20140513,444.759887695,444.759887695,436.449981689,440.778991699,0.500740235515,219.519782939,437.549509684
20140514,440.778991699,445.519989014,440.778991699,445.519989014,0.0670097967612,29.6096838776,442.702507606
20140515,440.890014648,449.587036133,440.890014648,449.587036133,0.335401784991,148.183548252,445.184034559
20140516,447.100006104,453.832366943,447.100006104,453.832366943,0.621125057521,279.721413241,450.740587023
20140520,449.994995117,498.83996582,449.994995117,493.427520752,0.443426332492,209.232084006,471.103692306
20140521,493.769989014,497.669403076,490.845825195,494.774536133,0.184279976484,90.9581383933,494.714825174
20140522,494.774536133,530.0,494.774536133,530.0,0.443920910472,228.049661481,514.378651387
20140523,530.0,548.054260254,515.311523438,521.468505859,0.259920056335,139.457745684,534.998349909
20140527,583.209899902,594.640991211,538.839904785,575.535400391,0.317402974787,181.545148895,572.129353602
20140528,576.565368652,589.159973145,565.215881348,575.832336426,0.217802256736,124.960702853,573.77104248
20140529,576.26171875,576.26171875,564.901550293,570.491821289,0.107905876366,61.4709032866,570.399052547
20140530,570.491821289,628.60534668,566.150085449,616.080200195,0.370886296842,222.071077015,602.651744609
20140602,633.749084473,672.639160156,621.792175293,660.0,0.323908257549,211.238409594,644.688690186
20140603,663.298828125,677.908996582,652.263061523,671.429382324,0.524428987164,349.443166516,665.753986904
20140604,665.496704102,665.496704102,525.0,650.476745605,1.47907720473,931.553400034,643.408758545
20140605,650.476745605,669.749938965,650.446716309,657.010009766,0.891986881794,584.72938675,656.584031049
20140606,657.010009766,660.0,653.402648926,653.402648926,0.338760589068,223.04992654,657.458702087
20140609,654.515258789,655.405944824,636.501098633,643.437988281,0.272905949079,175.986849757,648.077105354
20140610,643.437988281,657.715209961,643.437988281,646.889831543,0.648085815832,425.260578849,653.740450772
20140611,649.932434082,649.932434082,617.994506836,617.994506836,0.700134221004,445.722781328,638.587653024
20140612,630.344238281,637.062255859,552.0,571.135070801,0.931270239846,568.026307815,592.689583284
20140613,582.399963379,617.306030273,572.518188477,589.683837891,0.241355885131,142.663344364,592.056656087
20140616,589.484008789,612.911743164,574.175292969,597.137023926,0.300681483055,180.05471712,600.011720545
20140617,597.137023926,608.982543945,586.25,608.973999023,0.200126257946,119.833768886,598.5753479
20140618,609.203979492,625.0,603.409973145,605.889099121,0.357229633323,217.918223194,609.805616106
20140619,603.400024414,627.053955078,594.114990234,595.930603027,0.323307571655,196.443220703,608.617032565
20140620,595.802001953,602.794006348,578.507995605,593.903076172,0.252593601796,149.266515338,591.783041249
20140623,590.367004395,590.367004395,584.421508789,584.421508789,0.202701182176,119.533837034,589.232187124
20140624,590.202026367,595.227966309,576.129333496,586.153747559,0.167691388222,97.8070739017,586.796627269
20140625,575.0,575.0,557.432006836,564.424987793,0.789982035353,451.149915824,570.708190918
20140626,568.442993164,583.261779785,568.442993164,575.930419922,0.462260005375,266.130470276,575.201426188
20140627,585.518798828,600.0,575.349975586,597.692687988,0.8704966083,508.458305915,585.79902832
20140630,587.723999023,645.000854492,587.723999023,637.0,0.474422812948,296.088571917,625.320767212
20140701,644.900024414,657.833190918,634.164001465,640.0,0.472168999185,303.674785338,645.644149215
20140702,638.0,658.870483398,638.0,646.579711914,1.46020245366,947.259534864,647.158533433
20140703,644.502807617,655.081604004,638.889526367,647.523376465,0.832528181898,540.261049032,647.498565674
20140707,627.624023438,638.973022461,614.741210938,625.988586426,0.497404840583,310.335104323,625.311114971
20140708,620.750427246,626.874511719,614.741943359,617.03704834,0.0799277401982,49.5510479617,619.195885552
20140709,615.350463867,627.896362305,615.350463867,627.896362305,0.544178786998,341.4595143,623.346984863
20140710,632.108337402,632.108337402,614.472961426,614.472961426,0.0918136360124,57.1184710094,618.490356445
20140711,618.0,629.456115723,614.813415527,629.456115723,0.187924410682,117.521578908,624.135643005
20140714,629.950012207,632.670471191,618.143249512,626.233459473,0.122216685204,76.0320798481,625.879649769
20140715,620.026977539,620.026977539,620.026977539,620.026977539,0.180000007153,111.604858398,620.026977539
20140716,620.026977539,626.162780762,612.899414062,625.223999023,0.617265371498,381.292817011,617.204345703
20140717,625.223999023,630.00994873,610.347473145,624.979919434,0.0875508193871,53.984735239,617.527887518
20140718,624.559997559,629.0,615.170532227,625.999023438,1.36549674327,844.644261539,622.509094238
20140721,629.768737793,629.768737793,629.768737793,629.768737793,0.00063515000511,0.399997621775,629.768737793
20140722,618.688171387,618.688171387,618.688171387,618.688171387,1.40672774552,870.325860149,618.688171387
20140723,623.979980469,623.979980469,610.0,618.621459961,2.49860837621,1529.03668658,618.08968099
20140724,612.5,623.430786133,593.864501953,605.636474609,0.886163178366,540.106328869,608.181588745
20140725,600.0,623.22265625,593.800476074,596.08215332,0.377007870287,229.358917236,605.216491699
20140728,593.801025391,600.0,574.578613281,591.901245117,0.132023703771,77.6821646182,588.215430475
20140729,586.5,597.664672852,575.071105957,583.20904541,0.191306219647,112.131782319,586.464525495
20140730,577.441833496,588.980407715,566.751220703,566.751220703,0.507352231621,292.635306335,580.626809825
20140731,573.138061523,591.94921875,567.628173828,590.166809082,1.9439387599,1117.54027612,579.728239172
20140801,590.096984863,602.361450195,584.773742676,596.400024414,0.507636135832,301.283158064,594.741892497
20140804,579.329528809,596.245788574,579.329528809,596.245300293,0.822065680498,485.52547139,589.461425781
20140805,584.57434082,598.034057617,579.000183105,579.000183105,1.13029332692,672.546185315,584.719261169
20140807,584.267700195,593.0,577.238647461,580.583557129,1.40084553525,821.5045561,587.643508911
20140808,589.740905762,590.0,583.919067383,590.0,0.0474736650164,27.9920269648,589.151611328
20140811,589.613647461,595.364440918,572.765930176,572.765930176,0.0597392534005,35.0297624157,581.068603516
20140812,572.765930176,579.997680664,566.989990234,579.997680664,0.477389965323,272.475360036,571.471755981
20140813,571.701049805,571.701049805,531.636169434,535.080566406,0.241622867994,135.745201879,562.014109294
20140814,535.0,553.834106445,501.0,523.758728027,0.66308785486,340.889504631,518.431216558
20140815,525.0,530.0,501.0,530.0,0.630452616802,328.304874511,520.02324797
20140818,500.0,505.0,455.0,455.0,0.951655890234,457.304925696,485.507363892
20140819,479.99798584,500.5,460.299987793,474.020019531,1.27468509677,608.145541239,495.437616067
20140820,495.0,530.0,477.0,530.0,0.397956635043,198.82142241,497.047768088
20140821,530.0,530.0,500.006408691,505.0,0.770231911136,391.507643223,520.834604899
20140822,529.965087891,529.965087891,482.215576172,529.953857422,0.601286598081,318.649092436,526.970970154
20140825,500.0,524.880004883,490.10043335,516.117431641,0.926206887282,460.034077875,498.470992516
20140827,524.854187012,524.854187012,524.85357666,524.85357666,0.656045481563,344.327987671,524.853881836
20140828,495.082763672,495.082763672,495.082763672,495.082763672,0.0238199997693,11.7928714752,495.082763672
20140829,524.787353516,524.875488281,524.787353516,524.875427246,0.129456749186,67.9411153793,524.83140564
20140902,524.76940918,524.76940918,524.76940918,524.76940918,3.81099998776e-05,0.0199989620596,524.76940918
20140904,475.001556396,475.006500244,475.000823975,475.006500244,0.179476757148,85.2520330486,475.004047595
20140908,524.770019531,524.770019531,465.001434326,488.767120361,0.791166142861,377.528848125,477.942722614
20140909,465.004150391,475.0,465.004150391,475.0,0.253874018788,118.440532684,470.002075195
20140910,475.0,475.0,475.0,475.0,0.00999999977648,4.75,475.0
20140911,475.00012207,475.00012207,475.0,475.0,0.336928256632,160.040952434,475.000030518
20140915,475.0,475.0,465.0078125,465.0078125,1.02641086405,480.883707682,471.669270833
20140916,499.989318848,527.99987793,465.0,465.0,0.276320297015,132.523533267,484.156915283
20140917,465.0,465.0,445.0,445.0,0.467274380144,214.696537999,456.620111639
20140918,456.0,503.18145752,400.0,503.18145752,0.624896515386,264.432594616,425.494361614
20140919,400.0,400.0,375.936218262,375.936218262,0.150000002421,59.6677282333,396.844952393
20140922,424.997833252,425.0,295.0,404.82901001,1.51108302781,518.026502132,335.87345314
20140923,425.0,453.0,420.010009766,420.010009766,0.350126071918,152.63359642,437.927488847
20140924,420.020019531,449.179992676,412.336364746,433.151794434,0.328700001352,138.054872894,425.776367188
20140925,413.0,415.0,397.0,397.0,0.45110813994,185.680954623,410.479837036
20140929,393.999816895,393.999816895,370.005462646,370.944915771,0.143109966069,55.5690647125,384.190020752
20140930,370.116699219,393.216583252,370.116699219,380.020019531,1.33585120649,518.36010856,382.037322998
20141001,390.0,390.0,390.0,390.0,0.400000010431,156.0,390.0
20141002,380.050048828,380.050048828,370.100006104,370.110015869,0.0687500005588,25.6152513027,374.765014648
20141003,389.513427734,389.979980469,355.0,355.0,0.810800012462,302.284052029,372.375670166
20141006,320.0,349.845123291,300.0,349.845123291,0.847712653053,267.231786595,317.771581741
20141007,315.061187744,341.70602417,315.061187744,341.70602417,0.140333332742,47.1587371826,329.005452474
20141008,348.959503174,370.0,348.959503174,370.0,0.521038828124,183.418936453,353.401498895
20141009,335.468475342,399.996002197,335.161804199,370.190032959,0.878599939402,323.377775788,369.463050842
20141010,367.0,378.989990234,355.591705322,355.591705322,0.70706486702,260.696362756,368.418337735
20141014,400.0,418.989990234,395.27822876,411.255462646,1.18918771535,485.779919662,404.308134766
20141015,395.043334961,400.309143066,385.477111816,400.309143066,1.24759155843,492.466881328,394.920640734
20141016,398.387512207,398.387512207,374.610015869,389.14364624,1.78713317691,683.288360596,386.274610731
20141017,385.85760498,385.85760498,376.730682373,381.010498047,0.0104321258143,3.98887606859,381.47388916
20141020,391.241760254,391.241760254,391.241760254,391.241760254,0.0500000007451,19.5620880127,391.241760254
20141021,390.57522583,391.581115723,371.0,391.581115723,0.40941019997,155.286229615,383.21880127
20141022,391.581115723,393.492340088,371.378417969,388.705322266,0.260909803005,101.846830924,382.744913737
20141023,374.0,374.0,365.0,368.639556885,0.703090323847,259.035850076,371.36340332
20141024,368.365631104,373.690734863,355.0,373.348175049,0.40014327342,146.875804725,363.461014597
20141027,368.15411377,368.15411377,364.299987793,364.299987793,0.0144129869683,5.25504221519,365.664703369
20141028,352.010253906,365.125213623,352.010253906,365.125213623,0.294881850481,105.874767303,358.567733765
20141029,350.0,350.0,335.009857178,335.065643311,0.739434338442,254.166772728,346.14033254
20141030,335.001678467,350.0,335.0,346.020843506,0.630034299917,212.867899125,345.256159465
20141031,344.290008545,347.950012207,344.290008545,347.950012207,0.0177949997596,6.16607713699,346.120010376
20141103,325.188415527,325.188415527,325.0,325.0,0.828102963045,269.133851886,325.031402588
20141104,325.0,330.0,325.0,325.0,1.12456261764,366.95843188,326.9502889
20141105,329.996704102,348.204681396,328.204681396,328.204681396,0.442272454204,146.817370588,332.881662542
20141106,349.17489624,349.17489624,348.0,348.0,0.013363333419,4.66101837158,348.753977458
20141107,333.0,348.0,333.0,347.078704834,1.32058617175,445.184663391,342.184356689
20141110,350.049163818,370.0,350.049163818,355.0,0.713760799915,252.160755157,356.22434082
20141112,383.338134766,430.359893799,379.989990234,423.482025146,2.85014236155,1153.81870072,403.754422671
20141113,423.282073975,450.0,380.0,415.0,1.46409179448,602.842076418,416.889294434
20141114,415.0,417.770935059,395.0,395.0,1.93028498131,790.684194247,410.230911255
20141117,394.99899292,414.262542725,376.002593994,400.0,0.601694017474,243.551636382,401.779735747
20141118,390.0,395.0,370.391326904,375.02444458,0.440925431841,171.409402172,386.503087362
20141119,392.957519531,392.957519531,375.335754395,389.99798584,0.054447693312,21.1334876453,389.119716869
20141120,389.997955322,389.997955322,354.329101562,354.38192749,0.684366301681,250.611164093,366.573775934
20141121,350.405212402,360.0,342.659942627,360.0,0.234571429768,83.8663456781,354.021153041
20141124,370.0,385.0,370.0,372.0,0.702547084074,263.728774309,374.370901108
20141125,389.989990234,390.0,376.0,376.0,0.675493926182,262.194736163,385.322991943
20141126,372.0,389.943817139,366.421203613,372.872680664,1.01250894721,389.288264224,380.243668406
20141128,380.0,387.0,360.523223877,387.0,0.447564677514,169.425242717,376.638108474
20141201,385.353881836,386.743988037,370.13180542,374.025939941,0.11287000136,42.2250096218,380.159588788
20141202,380.0,386.154266357,372.909942627,375.097106934,0.424375182187,160.134367813,379.463215221
20141203,375.290893555,384.883666992,371.456054688,380.0,0.685712256779,258.11780788,379.719146729
20141204,380.0,380.0,364.718902588,379.748291016,0.20905731577,77.4783763885,376.31372918
20141205,379.748260498,380.0,375.185882568,375.185882568,1.56095671654,589.42574056,376.707041423
20141208,374.559997559,376.059997559,360.29397583,375.99887085,0.208565249108,77.2409807119,370.894108165
20141209,362.579986572,375.917144775,342.460266113,345.485137939,0.346322248151,121.579110083,353.310760498
20141210,346.869995117,357.5,345.556121826,345.556121826,0.053569999213,18.9229636192,349.695373535
20141211,345.497528076,372.122192383,342.501617432,372.122192383,0.184099003673,65.3931779861,352.672912598
20141212,360.0,360.0,346.771484375,360.0,0.113969072525,40.8526338711,357.75717926
20141215,350.000030518,358.98147583,342.035797119,342.035797119,1.42387157527,494.631021112,348.004390717
20141216,358.915374756,358.915374756,330.089996338,330.089996338,0.341971096511,116.908411906,340.317037729
20141217,330.01751709,355.326324463,315.020019531,329.991577148,0.813675876908,263.95846557,327.821458971
20141218,332.169067383,365.0,310.0,311.007598877,0.961405370453,328.570543272,328.466821741
20141219,320.0,368.118713379,310.033477783,349.984313965,0.228110502832,76.4841732979,327.767801138
20141222,325.264953613,327.061981201,325.264953613,327.061981201,0.193556671341,63.0193888346,325.869974772
20141223,342.076202393,342.076202393,329.916107178,338.747375488,0.114324501902,38.3652116776,334.617437744
20141224,338.553375244,338.553375244,320.380371094,320.380371094,0.456413230548,150.492136902,330.67453342
20141226,320.479217529,320.479217529,320.479217529,320.479217529,0.00999999977648,3.20479202271,320.479217529
20141229,321.0,325.0,314.0,314.760009766,1.49838692834,478.182467027,318.938795471
20141230,338.952911377,338.952911377,313.0,313.0,0.197981374014,62.1124350092,314.456895911
20141231,319.134613037,319.137786865,315.463348389,319.137786865,0.56501161214,180.294940065,319.082332835
20150102,313.178497314,320.0,313.178497314,315.304016113,0.742941435659,235.532309135,318.252215068
20150105,269.255187988,280.0,252.315536499,274.470092773,1.43104128872,388.557382188,270.914686487
20150106,260.0,293.660247803,260.0,281.151123047,0.392641251907,108.058331728,274.126586914
20150107,269.0,299.999725342,269.0,299.999725342,0.481711073749,141.759290412,292.186544418
20150108,290.0,290.0,283.52532959,283.52532959,1.66726860702,483.378406525,289.029595947
20150109,290.0,299.985168457,282.996887207,299.985168457,0.558065424669,164.947443066,291.690053304
20150112,267.0,292.0,263.020019531,265.057373047,1.19801985414,335.443616994,271.589735921
20150113,268.0,268.0,215.090103149,216.000015259,2.30695622779,535.178402125,242.034755488
20150114,218.009994507,230.991897583,175.0,175.0,1.46799175746,300.17540777,206.51777942
20150115,175.0,236.465896606,175.0,218.999404907,1.28099956963,266.511414903,207.629289397
20150116,209.030029297,219.0,195.200012207,213.362426758,1.54179413816,321.232644418,212.259368896
20150120,211.0,219.843841553,208.395004272,219.818817139,0.869310712131,190.409534534,214.628077189
20150121,206.101074219,225.908355713,206.10105896,224.48500061,2.78537985332,603.231245826,212.13530417
20150122,225.010009766,241.019943237,225.010009766,228.025604248,2.20592999334,526.839154561,230.87555186
20150123,228.343200684,231.236465454,222.676101685,228.042861938,0.678531073282,154.858653005,227.760467529
20150126,258.0,307.045013428,250.039230347,270.0,1.42073175522,399.861288981,281.654881212
20150127,248.073486328,269.102966309,205.000015259,250.846862793,1.48600980605,347.539084381,241.719635391
20150128,248.398452759,279.999969482,225.015930176,247.995269775,2.56170011523,698.433861063,263.44340926
20150129,245.0,245.0,222.277404785,231.82975769,0.786737490911,184.20506695,230.898746656
20150130,235.009994507,239.360687256,220.001037598,220.001037598,2.90455015719,660.136026646,233.010702033
20150202,239.961532593,239.961532593,223.93989563,228.0,0.227571605705,51.999307819,228.624468596
20150203,240.0,246.932342529,231.959945679,235.450653076,0.972025670283,233.386364833,239.272602282
20150204,228.0,228.895294189,221.850234985,228.895294189,0.798455791254,179.367040383,226.96011995
20150205,222.0,222.532592773,215.25,217.0,0.788015697575,172.19640242,218.700827859
20150206,217.0,225.0,215.0,221.915603638,0.885457796444,192.558608396,218.821049282
20150209,218.448516846,228.956436157,215.0,221.199996948,1.11726879142,244.311519512,220.083301799
20150210,219.009994507,221.914993286,215.000015259,215.009994507,0.548344333501,118.050318817,216.98038737
20150211,215.010147095,215.010147095,205.0,207.199996948,1.12564412802,239.459654236,211.711022949
20150212,219.300003052,223.999984741,219.300003052,223.999984741,1.259499982,281.566335678,221.649993896
20150213,223.999984741,240.0,207.0,232.802825928,2.02735500985,471.693972094,231.881474462
20150217,232.417541504,249.982940674,230.296173096,249.982940674,1.85400369018,433.664556026,237.678817749
20150218,239.045562744,239.759994507,230.300125122,236.000015259,0.933869172568,220.048259748,237.790390015
20150219,237.899993896,244.054992676,237.899993896,240.100006104,0.474890772253,114.254927048,239.904947134
20150220,242.110992432,248.5,240.090286255,240.090286255,1.61703964382,395.159645462,243.377250366
20150223,235.11000061,239.899993896,234.08001709,236.120101929,2.00350713337,471.447676454,236.689186096
20150224,237.964263916,238.0,237.944274902,238.0,0.440000002272,104.700719357,237.977836609
20150225,240.182998657,240.182998657,237.015518188,237.015518188,0.925521868547,219.724941628,237.91342817
20150226,237.056518555,239.635070801,235.0,239.635070801,1.41959506145,335.535602048,236.259599686
20150227,239.604034424,259.416931152,237.997497559,247.052246094,1.53460653758,381.88959733,248.962516212
20150302,254.901809692,279.99798584,250.068527222,271.367034912,1.91726425426,520.042745863,264.769515446
20150303,278.0,280.094696045,264.687927246,276.452484131,0.453251571445,124.471624595,274.165945157
20150304,276.523925781,285.73046875,267.320007324,274.790740967,0.637097893261,173.755609734,276.835103353
20150305,272.327362061,278.608032227,265.170013428,272.197540283,0.566715798054,153.821111606,270.46818073
20150306,269.6512146,275.461914062,260.000061035,260.000061035,0.712610000744,192.982446178,271.336391195
20150309,270.127746582,297.507446289,270.127746582,296.999816895,1.10458451948,315.860330862,283.818147547
20150310,287.209106445,299.99899292,287.209106445,291.000030518,1.10748046035,323.424821808,293.566234882
20150311,291.0,299.93927002,289.0,295.697509766,1.01199593863,297.413707559,294.190255655
20150312,296.937469482,296.937469482,289.367095947,290.276062012,0.481051357792,140.307696174,293.067912382
20150313,290.035369873,293.0,272.0,286.990875244,2.5310169946,716.452117791,288.183810326
20150316,288.0,294.444030762,288.0,294.441955566,2.06158087729,598.589770794,291.311450958
20150317,293.995422363,294.960327148,284.0,284.0,1.11331830127,319.523812786,287.483095169
20150318,288.199188232,288.199188232,250.000015259,257.479980469,0.599400629811,158.730524798,266.701802329
20150319,253.449203491,280.8699646,253.449203491,255.000015259,0.313155878335,80.8359822392,260.37052002
20150320,270.0,272.486328125,256.033874512,272.486328125,0.121432645264,32.1569475956,264.456695557
20150323,271.99899292,271.999023438,263.0,266.577850342,0.50462492395,134.423530883,266.790164524
20150324,263.711883545,263.734039307,245.000015259,247.0,0.758525514632,195.144622784,257.01002382
20150325,247.040084839,250.999633789,237.684997559,250.978088379,0.448729877529,110.071509946,246.138519287
20150326,250.5,268.999969482,250.048065186,251.898498535,1.2833615337,330.331204013,255.783863414
20150327,248.579925537,252.0,242.876296997,252.0,0.0856122882105,21.2417577207,247.482765198
20150330,246.024673462,268.999603271,240.187911987,268.999603271,0.193660063417,47.9665065706,250.758324305
20150331,249.937316895,259.99005127,244.421981812,244.421981812,0.342003005867,83.7292117278,251.460159302
20150401,248.799957275,249.242233276,241.057510376,242.975509644,0.424108698321,103.920560905,243.088692438
20150402,247.589996338,255.929992676,240.0,253.0,0.677506551532,169.600157516,249.247887447
20150403,251.196868896,256.0,249.372406006,252.899032593,0.2076165732,52.8240164121,253.49101359
20150406,261.0,262.424499512,253.011016846,254.41998291,0.707609236788,181.304398747,256.328731761
20150407,253.056015015,256.879394531,246.510009766,248.847351074,0.409709202301,104.183148481,253.307871985
20150408,248.847351074,258.239318848,244.387496948,249.456924438,0.361787384474,89.3666931516,248.420150355
20150409,245.5,249.447372437,239.962493896,249.267837524,0.269686078453,65.5285269363,246.318656376
20150410,241.0,245.850006104,232.846481323,242.492828369,0.629035947751,151.670459033,239.352455139
20150413,239.999725342,239.999984741,223.542007446,227.935272217,0.0648078414487,14.916520711,238.190118111
20150414,227.935272217,231.846725464,216.500289917,221.979614258,0.115268732442,25.9911228113,229.75125284
20150415,221.889007568,224.000015259,219.660980225,220.108856201,0.831935323402,184.355624119,222.208311971
20150416,227.855178833,234.703582764,223.36630249,233.599868774,0.0221711473468,5.03262566238,228.010318283
20150417,229.0,230.524505615,223.005905151,223.005996704,0.192666668445,44.116105179,228.09509786
20150420,226.435211182,227.999847412,223.262115479,224.294998169,0.837084678398,188.92795368,225.663047304
20150421,224.387496948,235.230575562,224.04750061,234.554214478,0.779164647284,177.840420016,227.966974767
20150422,234.640014648,238.891860962,232.092498779,233.270004272,0.394679239857,92.9309887469,235.200193387
20150423,234.135147095,235.6875,231.0,235.208282471,0.715607266873,167.038339278,234.053617073
20150424,235.880004883,237.581497192,229.310012817,230.962493896,0.738253532924,171.286472748,232.73575483
20150427,223.626449585,238.558258057,217.338546753,228.260009766,0.53322553914,120.6003023,226.372817705
20150428,228.0,233.251556396,224.0,229.945266724,0.443153975999,100.183553734,225.971902964
20150429,228.309860229,232.00201416,224.0,226.0,0.443435688693,100.318657782,226.026970757
20150430,226.009002686,239.654006958,225.685012817,237.307495117,0.922462627581,214.934492559,232.722932886
20150501,235.514816284,238.97102356,231.210006714,231.262496948,1.30379282509,304.487731618,234.246982698
20150504,239.729141235,242.104995728,236.18800354,236.914993286,0.619129880701,148.150882877,239.069535755
20150505,239.01725769,239.110992432,231.42250061,235.592498779,0.657291345266,153.887694775,234.376116071
20150506,234.875946045,239.349914551,227.00100708,227.354995728,1.0572147719,244.184453517,233.437271118
20150507,228.13999939,242.44468689,227.0,236.572494507,0.455608394642,105.630862103,230.71622204
20150508,237.484924316,243.0,234.800994873,240.510513306,0.349507428683,83.5211624602,238.871766702
20150511,239.744049072,243.145004272,238.802505493,241.855026245,0.688565630425,166.919502415,242.275994814
20150512,240.192596436,242.989974976,237.550994873,242.989974976,2.29727206399,553.371128474,241.109256199
20150513,241.222503662,244.0,235.080169678,235.090164185,1.63721854584,395.47785814,241.126250047
20150514,235.55015564,237.990005493,235.0,236.470001221,0.303257399336,71.5067966183,236.336552302
20150515,238.509384155,240.050003052,237.489562988,238.975891113,0.174541293111,41.7666857924,238.563624791
20150518,236.593383789,236.620010376,231.905029297,233.329925537,0.772575237935,180.794342832,234.635287636
20150519,233.319869995,233.909973145,231.433639526,232.784973145,0.688395383247,160.557636934,232.798136992
20150520,232.298370361,235.058135986,231.097747803,234.803512573,1.05998676685,248.03135278,233.807187167
20150521,234.549301147,236.087493896,233.973922729,236.087493896,0.542592244223,127.342316953,235.138987455
20150522,235.055023193,244.0,233.912506104,237.589996338,1.30351623072,308.75597487,236.837000633
20150526,236.043777466,237.112487793,235.169998169,236.017486572,0.352633892275,83.1606755153,236.018849912
20150527,236.999984741,238.0,234.766616821,235.299987793,0.403388280247,95.5232975632,236.157464027
20150528,234.030029297,237.903442383,234.030029297,235.83265686,0.2026088899,47.7005382776,235.760778427
20150529,235.876083374,235.924957275,234.911682129,234.911682129,2.81212670108,662.622289022,235.569325765
20150601,232.401580811,232.401596069,222.032012939,227.469085693,0.485019936331,110.756221841,227.520909991
20150602,227.465408325,229.498153687,222.291137695,229.497344971,0.334515142613,76.2811663151,226.693407499
20150603,226.000152588,229.478424072,226.0,227.0,0.461818182739,104.495434674,226.717799516
20150604,227.0,228.792007446,223.039993286,223.154983521,0.687196875185,155.053747002,225.844532437
20150605,223.48739624,228.297195435,220.339035034,225.004974365,0.975650019332,217.409161091,224.115543474
20150608,224.221099854,229.027496338,224.221099854,229.027496338,1.89993182357,430.938944953,227.093092782
20150609,226.789993286,230.917282104,226.789993286,230.917282104,0.603171209863,136.942595035,228.799312592
20150610,228.210449219,228.23046875,226.570755005,227.262542725,1.7897600133,407.687280846,227.625289917
20150611,228.689971924,231.587097168,228.243209839,228.92250061,3.36938172802,776.16021471,229.915422058
20150612,228.860366821,233.153518677,228.860366821,229.4425354,2.96348524395,681.977984451,229.302328201
20150615,231.342529297,235.535003662,231.342514038,235.535003662,1.67219641079,389.714433004,234.47637558
20150616,237.029907227,251.0,233.817214966,249.707504272,1.82333640969,446.691794775,243.926048738
20150617,249.707504272,256.382507324,245.024993896,245.024993896,1.20750251611,302.819357654,250.247074208
20150618,247.292510986,252.659805298,244.0,247.5,0.961574286943,236.318963082,246.466872185
20150619,247.690032959,249.632156372,245.493804932,245.5,3.08133755428,759.560731041,247.176494398
20150622,244.292388916,248.084564209,243.990005493,248.084564209,1.45796647102,358.195294963,246.008915089
20150623,245.810012817,245.810012817,243.722106934,243.722106934,2.9214638877,713.234935368,243.967310288
20150624,242.802597046,242.802597046,240.174499512,241.670883179,0.187424279749,45.42648639,241.41179766
20150625,242.779846191,243.999191284,239.526306152,242.03894043,0.658783361875,159.171315203,242.369371948
20150626,242.100006104,243.999816895,242.0,242.0,0.1259275899,30.4879431895,242.413105556
20150629,250.588623047,268.498168945,248.888702393,268.467895508,1.70077894655,438.593809518,256.625711714
20150630,258.934906006,273.0,258.492614746,263.176605225,0.729029814645,193.198867762,265.672704697
20150701,263.21270752,265.02255249,255.5,258.103607178,2.15640659264,560.709071621,260.30818367
20150702,259.760375977,259.760375977,253.430038452,254.736175537,0.885315930083,226.422501597,256.757681105
20150706,270.127502441,278.0,268.137634277,274.589385986,1.23226423454,337.340153132,273.751458192
20150707,269.327056885,272.163818359,265.0,265.359985352,0.592909679022,158.161324072,266.800099487
20150708,265.360015869,276.323150635,265.359985352,270.040313721,0.607051612705,163.222283725,269.845462141
20150709,270.553985596,275.665374756,267.390014648,271.999755859,0.739103204333,200.702309406,271.135467529
20150710,268.956054688,297.0,268.956054688,284.540008545,0.904726056072,257.894793714,284.489572556
20150713,309.807495117,310.581573486,269.0,290.180999756,2.70609036604,790.093303285,292.373152818
20150714,293.070007324,295.972503662,286.787506104,288.708099365,0.659346513518,191.84470328,291.794743763
20150715,288.77130127,293.789886475,285.839935303,285.839935303,0.385613641702,111.480961349,291.733111346
20150716,289.448242188,292.0,273.402587891,276.859375,0.967655312991,270.614443211,280.463765647
20150717,281.086395264,281.307128906,275.515014648,280.380004883,0.302536164473,84.3341886997,278.558685303
20150720,277.263458252,280.401428223,276.72253418,277.564086914,3.09411724753,862.406074859,278.387244331
20150721,279.414794922,281.406921387,276.452514648,277.480010986,0.966089686506,269.906158656,279.163170554
20150722,276.665985107,279.382720947,275.309997559,276.975006104,2.05397760007,568.73431528,276.61509652
20150723,278.397491455,278.397491455,276.029022217,276.890014648,0.772301010962,213.745469481,277.375455856
20150724,276.180023193,290.0,276.180023193,289.260894775,1.01329244986,289.795349957,285.284727515
20150727,293.366149902,296.101593018,286.552368164,296.101593018,0.553554531047,161.090402758,290.898457336
20150728,295.736999512,296.804016113,287.0,293.560028076,2.60784548453,764.117109255,295.232116699
20150729,293.513671875,293.513671875,280.0,291.612579346,1.0466337944,303.219428216,290.284154619
20150730,288.561737061,289.234985352,280.0,288.0,2.08286629748,597.758028722,286.876483154
20150731,285.349060059,293.479766846,280.0,293.479766846,2.72253971671,786.680407969,287.634403483
20150803,285.404602051,285.510009766,280.570007324,283.870178223,1.52856892766,433.662181477,283.85848999
20150804,282.700073242,287.681610107,280.530914307,287.678619385,3.0867482328,870.884781429,284.45854405
20150805,284.505004883,287.769989014,281.0,281.0,4.61089730449,1310.08459711,283.911762238
20150806,281.0,286.957519531,278.601074219,278.669647217,0.726982945429,205.49387081,281.27266653
20150807,278.670013428,290.0,274.151824951,280.855407715,3.30450613434,930.780031894,280.72124441
20150810,262.489990234,273.880004883,262.489990234,266.84753418,0.480677238756,128.12593638,265.888115115
20150811,264.200012207,270.0,260.0,270.0,1.27079171749,335.785376455,264.061418191
20150812,268.970458984,270.0,265.485992432,267.025390625,1.09480019074,293.838462006,267.626083374
20150813,267.4793396,268.0,261.643707275,265.199981689,1.80488553147,479.942441596,264.99817172
20150814,265.199981689,270.0,262.006378174,268.0,2.33314426372,623.739199541,267.285748639
20150817,260.419433594,263.119995117,257.572113037,258.639099121,2.12694163346,554.693919205,260.335629347
20150818,259.078399658,259.934844971,188.10760498,223.0027771,8.64674672855,2078.245241,244.306821992
20150819,223.0027771,245.0,204.393264771,228.910202026,1.85031893282,432.350087206,235.013263436
20150820,230.083984375,238.709533691,229.033798218,236.874099731,3.10304825553,731.711418956,235.744700362
20150821,236.999984741,238.709655762,232.618041992,234.284942627,1.8078551677,425.259862263,235.457895605
20150824,226.230804443,227.195220947,209.787536621,212.700973511,3.02359417775,657.511375204,218.455832613
20150825,211.851013184,235.989974976,204.009994507,224.494384766,2.87357471789,628.311234966,220.568421825
20150826,225.861602783,243.378799438,223.11340332,226.381484985,1.54687769734,358.249561963,229.249561157
20150827,228.242401123,233.0,225.307891846,226.011001587,2.4934484145,568.996520924,228.522546077
20150828,225.342697144,237.980102539,222.571792603,232.641601562,1.26495342601,292.25315544,231.490177939
20150831,228.839996338,233.509994507,225.998901367,230.919998169,2.18622973195,500.713704724,229.454459296
20150901,231.085205078,231.119995117,226.869995117,229.490005493,1.4669313906,335.365704823,229.199922202
20150902,229.490005493,232.991165161,226.819320679,230.039993286,5.03099118186,1151.84248033,229.66326061
20150903,229.140014648,231.132827759,226.169998169,226.938796997,2.39183690315,546.939342278,228.468283606
20150904,226.979598999,231.789993286,226.550003052,231.009994507,2.86090928826,657.232878815,229.686337741
20150908,240.350006104,246.509994507,240.350006104,243.267700195,2.58691208532,630.60208888,244.019438452
20150909,242.559997559,244.970794678,238.181365967,239.009994507,2.10974160663,506.147968456,240.241617044
20150910,240.100006104,240.458602905,236.990005493,238.163101196,0.878128078079,209.448939013,238.961790085
20150911,239.970001221,242.118850708,238.848144531,242.118850708,2.29239696461,552.94337476,240.83968108
20150914,230.0,232.638000488,226.320007324,230.653594971,2.12329075917,487.294326402,229.910624238
20150915,230.653594971,232.324081421,228.600006104,230.794113159,0.836254068414,193.115241168,231.236822886
20150916,229.350006104,232.199996948,226.910003662,229.084762573,2.7429077789,630.135464023,229.927849452
20150917,229.990005493,236.0,227.880004883,233.369995117,2.70259358775,624.697743058,231.351142883
20150918,232.779998779,235.499984741,231.919998169,232.827804565,0.776923778938,181.312553576,233.448748742
20150921,230.009994507,231.490005493,226.949996948,227.171005249,1.68269833047,384.758643044,228.289090608
20150922,226.300003052,233.858184814,223.100006104,228.600006104,3.10315414277,712.376201698,227.542043457
20150923,230.361373901,231.075515747,228.23298645,230.240005493,4.40409765295,1014.87824817,229.632040936
20150924,229.710006714,234.994995117,229.710006714,231.782394409,1.09177307847,253.52852475,231.98502912
20150925,233.462997437,237.199996948,232.355148315,236.0,2.36681748576,554.38127989,234.66744868
20150928,233.996002197,239.970001221,233.996002197,238.488006592,2.13497524527,507.888055487,237.602685493
20150929,238.332733154,240.0,235.004592896,238.019622803,1.68829953246,401.331469089,237.71191379
20150930,236.039993286,237.91998291,235.000015259,236.0,1.94873847391,460.479910731,236.343037923
20151001,235.600006104,238.0,234.588134766,237.800003052,1.81368003064,428.33172015,236.90763092
20151002,236.460006714,239.856536865,236.428833008,236.428833008,5.47145809462,1306.13576258,237.568162184
20151005,237.634002686,240.442184448,237.164016724,239.480010986,3.14024802435,751.357934493,238.954691569
20151006,240.260009766,248.389984131,239.720016479,244.529998779,2.02819334956,491.714970273,243.326200973
20151007,246.0,247.199996948,234.550003052,241.218887329,3.98701002999,964.384695049,243.184847745
20151008,243.645996094,244.729995728,233.0,242.699996948,1.98112673044,479.973396611,242.899060433
20151009,242.520004272,244.871490479,241.745147705,241.745147705,5.82763074525,1416.32508077,243.406469245
20151013,245.284393311,249.509994507,244.009994507,249.0,3.59103994862,887.49090095,247.407941414
20151014,249.999984741,253.660095215,241.0,253.638000488,1.45177928316,361.261212048,249.892993429
20151015,254.0,255.0,251.860046387,253.558700562,3.29206656032,837.512484141,253.771501541
20151016,254.274139404,268.507659912,253.000015259,258.0,4.26191809497,1108.18565873,258.899119377
20151019,258.859985352,265.734008789,258.859985352,264.060028076,0.433930539412,114.567290438,263.222499223
20151020,264.899993896,270.0,264.0,270.0,3.0024402582,803.946047386,268.188690186
20151021,269.423736572,270.739959717,264.570007324,266.593139648,3.97613377215,1064.57120174,267.527010091
20151022,266.213165283,278.0,263.730102539,274.199981689,2.12809584964,575.677246773,270.191943544
20151023,270.0,279.311065674,270.0,276.641815186,1.56860587129,434.096659142,276.156390667
20151026,284.409698486,286.0,280.64453125,285.25,1.75977935932,500.876701406,284.384397888
20151027,285.419586182,296.309997559,285.239013672,292.507110596,3.44735132813,1010.19101902,291.229021284
20151028,294.412445068,305.0,290.000030518,298.0,1.18101286155,351.875139139,297.173867974
20151029,297.010009766,317.84463501,296.399993896,312.111206055,0.993875128195,307.107624124,309.363709698
20151030,312.026000977,333.0,311.770385742,325.0,2.67770341141,861.573496622,323.374623617
20151102,320.0,360.0,314.0,358.16998291,1.56131287099,521.076004149,335.355026996
20151103,349.498962402,418.970001221,307.230010986,397.769989014,2.06850224133,775.715719696,373.78905974
20151104,398.890411377,489.989990234,368.48526001,408.962585449,1.61425774429,691.646784474,434.283138506
20151105,395.246520996,438.717376709,341.0,380.0,1.46912338786,577.235846558,396.391286677
20151106,382.023498535,390.0,346.340087891,362.059997559,0.788856535295,291.916225083,370.088292607
20151109,371.36138916,379.0,350.0,371.690002441,0.397313041838,145.93199336,366.377539613
20151110,367.799804688,378.989990234,327.260009766,338.0,1.21393858625,419.700016251,351.429914287
20151112,309.196990967,341.0,301.559997559,336.0,1.95796181065,630.368845059,325.067849017
20151113,329.040008545,340.17880249,326.5,336.948394775,2.61087985367,867.871600666,332.985590154
20151116,315.980895996,330.0,315.700744629,321.906890869,1.72947459627,562.047669139,322.618546804
20151117,329.649993896,336.889984131,329.649993896,330.0,1.30490802935,433.565744958,331.829391252
20151118,330.0,334.75,326.0,326.500030518,1.42027305481,468.89950659,329.228945778
20151119,332.700012207,332.709869385,323.070892334,326.259979248,0.697972237644,230.132769897,327.182854855
20151120,323.070892334,323.070892334,310.0,317.209991455,1.36111388706,433.339140752,317.28929717
20151123,320.0,323.5,319.0,322.684265137,3.44431209639,1108.29489188,321.147175598
20151124,319.0,325.0,316.013244629,323.480010986,7.28176772451,2353.16487489,322.218551636
20151125,323.299987793,330.0,317.570007324,329.690002441,4.87560579198,1581.51689676,324.897146437
20151127,351.510009766,364.0,350.529998779,360.0,2.07929774492,746.660489828,357.538371277
20151130,370.390014648,380.679992676,370.390014648,378.499938965,1.39883600297,526.756498597,376.045961079
20151201,377.687194824,378.470001221,355.0,361.582000732,5.97407361165,2178.06030877,365.062223692
20151202,362.406585693,362.406585693,349.200012207,358.690002441,3.31240889232,1178.35617736,356.21061021
20151203,359.459991455,370.0,356.988006592,361.29800415,7.48126132652,2719.71820491,362.849695742
20151204,363.68270874,365.082611084,357.484039307,364.93447876,1.08114684755,391.449035699,361.886968085
20151207,386.495513916,398.0,384.070007324,395.299987793,3.6021852269,1409.78801785,392.107758479
20151208,391.880004883,415.0,388.519989014,415.0,2.76075930138,1090.36346513,396.064721939
20151209,414.979980469,420.0,404.0,416.329986572,2.55539965633,1055.02929456,414.640179267
20151210,417.269989014,420.0,410.0128479,416.0,3.33023851215,1380.92819359,415.874244908
20151211,417.83303833,445.0,417.83303833,443.118988037,2.65148402572,1137.63390605,431.541578797
20151214,430.0,445.0,426.209991455,442.0,4.13789036633,1810.71480494,438.864851442
20151215,443.0,464.980010986,430.010009766,464.980010986,1.35709616779,614.774827567,450.51650625
20151216,461.604827881,461.6300354,441.0,453.648590088,2.1371312707,964.106009012,454.175780895
20151217,450.347595215,459.153137207,445.0,451.034362793,1.53894357453,696.260836898,453.240413319
20151218,455.0,467.690734863,452.271942139,464.970977783,5.45287499825,2537.23480309,458.482806037
20151221,442.0,446.955749512,426.695953369,441.75,2.84911479822,1253.12536502,436.17129382
20151222,440.561126709,444.25,434.292907715,437.690002441,0.870559870934,382.51922307,439.283252473
20151223,437.700012207,445.989990234,435.468841553,444.829986572,1.84576378297,817.31355226,442.47479248
20151224,443.989990234,458.0,443.989990234,452.712249756,1.54514070771,698.361231196,452.798371144
20151228,427.290008545,429.359985352,418.781097412,424.299987793,2.0518668094,873.744689089,426.306086702
20151229,421.094818115,432.5,420.398895264,430.950012207,2.51296131095,1079.83835233,428.528772904
20151230,433.299987793,435.0,420.0,424.30871582,1.01635527764,435.123905869,429.99899292
20151231,424.450012207,431.309997559,416.608428955,431.309997559,3.22610525377,1365.74713222,423.789851074
20160104,427.770019531,433.959991455,426.559997559,431.084136963,1.02189961355,440.06265471,431.400032043
20160105,431.059997559,434.729888916,429.0,431.320007324,0.774592384696,333.472560211,431.179911527
20160106,431.32989502,431.32989502,427.580566406,429.989990234,0.715996600688,306.719521148,429.28793008
20160107,428.549987793,457.883544922,427.780670166,457.883544922,1.70210951988,760.197187215,446.746668106
20160108,457.999908447,460.0,447.640106201,455.220001221,1.27519743631,579.383254331,454.749954399
20160111,449.893280029,454.529998779,443.811767578,452.23059082,2.07923581264,934.76912347,450.410922068
20160112,451.315490723,451.315490723,440.0,440.0,1.15943961871,520.288484464,448.329078674
20160113,440.0,455.0,427.170013428,433.981689453,2.51100188828,1090.84030928,432.511636946
20160114,433.06048584,437.149993896,430.0,430.575042725,0.779749035309,337.325925126,432.953743918
20160115,430.575042725,430.910003662,365.020019531,365.020019531,2.25934840452,897.172587128,400.477616893
20160119,390.970001221,390.970001221,379.019989014,381.100219727,1.37233015195,527.712342534,384.724915771
20160120,381.043792725,425.127197266,375.929992676,419.050109863,4.00334556262,1611.38190567,400.282800231
20160121,419.050109863,425.779998779,406.050018311,412.309997559,3.20278344134,1330.12550657,414.848752607
20160122,410.654602051,411.189880371,375.524169922,383.25,3.25645286351,1284.61866946,394.683333964
20160125,401.252288818,401.252288818,387.170013428,394.010009766,2.59963270189,1029.38065499,395.133012373
20160126,393.368774414,406.699981689,390.450012207,395.950012207,2.22373025592,881.575969025,394.156528102
20160307,400.648986816,414.119995117,397.394989014,410.010009766,3.04088553092,1236.48656588,406.78018368
20160308,410.45300293,414.356994629,407.5,412.040008545,3.73596561487,1535.42312234,410.991025058
20160309,411.920013428,414.734985352,406.450012207,411.929992676,4.82773226652,1976.53416356,410.006347845
20160310,410.519989014,429.70199585,409.420013428,415.890014648,5.17057644328,2143.55578924,413.587108612
20160311,416.5,423.649993896,415.0,420.348999023,3.26670727935,1371.30536135,419.658918978
20160314,408.320007324,416.966003418,407.739990234,414.430999756,6.19235526081,2553.25139573,412.542337375
20160315,414.5,417.088989258,412.17300415,415.140014648,4.41177773043,1831.12252114,415.372596816
20160316,415.290008545,419.040008545,412.871002197,418.139007568,4.33544713676,1802.8147117,415.619062352
20160317,418.165985107,422.690002441,416.829986572,419.812011719,3.84015666181,1614.53106987,420.033192952
20160318,420.994995117,420.996002197,405.031005859,408.912994385,5.37497454512,2221.65459948,413.926941122
20160321,413.188995361,414.359008789,407.675994873,412.317993164,3.40320040562,1399.31760493,410.541062908
20160322,412.25,417.899993896,411.169006348,417.160003662,4.44634896515,1847.82329111,415.568436697
20160323,417.890014648,417.980010986,411.890014648,416.0,4.42221078265,1836.01479454,416.020516502
20160324,416.0,417.779998779,413.119995117,415.040008545,3.45515082455,1438.83577872,416.294811071
20160325,415.029998779,419.759002686,413.609985352,415.341003418,3.34537066015,1393.45550444,416.20083445
20160328,425.011993408,426.390014648,421.134002686,423.0,3.09094375371,1311.03130532,424.1693981
20160329,422.510009766,428.109008789,405.0,416.700012207,3.83358677227,1603.19417177,417.694451847
20160330,414.880004883,416.010009766,409.12298584,412.432006836,3.79248216565,1564.53030963,412.799027987
20160331,412.432006836,419.988006592,412.42199707,416.100006104,6.21182970931,2584.25471378,416.503669173
20160401,416.100006104,419.039001465,415.5,417.899993896,2.78573958995,1162.91766294,417.40865647
20160404,421.480010986,421.600006104,417.541992188,420.989990234,2.95683761421,1241.3813583,419.903373602
20160405,419.510009766,424.970001221,419.5,422.760009766,3.87802156953,1640.51254439,422.758558378
20160406,423.0,424.610992432,421.559997559,422.773010254,4.12902936094,1746.96488113,423.206576171
20160407,423.549987793,424.390014648,420.059997559,422.010009766,5.37197098862,2270.49136506,422.262821608
20160408,422.269989014,425.959991455,418.0,418.550994873,2.92712425112,1239.22889062,423.13779818
20160411,420.649993896,424.5,420.226013184,423.529998779,3.48914441187,1471.65411764,421.897316064
20160412,423.0,430.358001709,423.0,425.312011719,2.62632586923,1119.25450921,426.18077885
20160413,426.709991455,427.709991455,422.0,423.537994385,3.58171346195,1520.59140243,424.392069191
20160414,424.119995117,425.772003174,422.385009766,424.519012451,2.34331331486,993.363057019,423.98382011
20160415,426.040008545,431.019989014,424.647003174,429.25,3.04824505521,1306.13055636,428.107523357
20160418,426.769989014,429.79800415,426.279998779,428.040008545,3.54805703678,1519.3881221,428.076238824
20160419,428.010009766,437.99798584,426.799987793,436.277008057,5.1322512974,2211.3560894,430.29037936
20160420,435.99899292,444.0,434.269989014,440.964996338,5.19296709475,2281.24805641,438.93513524
20160421,440.964996338,451.338989258,440.109985352,450.118011475,3.19420851592,1420.39954105,445.271579913
20160422,449.165985107,450.089996338,442.700012207,447.558990479,2.80695145716,1254.53084489,446.92187863
20160425,459.5,469.690002441,452.5,461.881988525,4.91451749821,2271.73550624,462.042910917
20160426,461.881988525,470.0,461.881988525,467.489990234,3.24065481785,1513.46821442,466.517845673
20160427,466.839996338,469.178009033,444.0,444.010009766,5.3797635484,2448.50771811,458.489814291
20160428,445.989990234,452.005004883,435.427001953,450.420013428,5.65840738397,2522.76808167,446.290871058
20160429,450.489990234,457.589996338,447.390014648,457.589996338,4.13707896085,1866.63872352,452.037274143
20160502,452.339996338,453.579986572,440.0,444.535003662,3.58779171371,1595.87419418,446.018402261
20160503,444.552001953,452.519989014,442.519989014,451.75,3.53142195404,1581.4590546,447.787299076
20160504,451.519989014,451.725006104,444.859985352,447.841003418,3.18622042375,1427.70024191,448.29130032
20160505,447.768005371,450.0,447.223999023,448.739990234,3.77865557834,1694.17572911,448.433380486
20160506,448.709991455,462.368988037,447.17098999,462.341003418,6.046229549,2736.92584532,453.221638564
20160509,458.079986572,464.989990234,455.989990234,461.989990234,6.51203678965,3010.64785247,461.083440463
20160510,461.989990234,463.489990234,450.0,452.130004883,4.48348113083,2045.23799965,457.211785781
20160511,452.569000244,455.0,450.989990234,453.209991455,6.67895588104,3026.02461512,453.884894816
20160512,453.290008545,455.950012207,449.394012451,455.950012207,3.10140264508,1401.97200695,452.125609789
20160513,455.949005127,457.5,452.611999512,456.209991455,3.91123966527,1781.23864933,455.481694943
20160516,457.397003174,458.0,450.166992188,453.769012451,3.84618026626,1752.95619729,455.994240038
20160517,453.0,454.910003662,451.0,453.282989502,3.48139319956,1577.11765513,452.790611965
20160518,452.787994385,455.880004883,452.345001221,452.350006104,3.73204260658,1695.01015193,454.065981968
20160519,453.290008545,453.799987793,429.0,429.0,3.94478577027,1742.31027176,443.945007238
20160520,429.0,442.628997803,427.061004639,439.790008545,3.7186944047,1625.1833538,436.89053799
20160523,437.519989014,444.011993408,435.549987793,442.989990234,7.53576724428,3309.2069218,440.3836809
20160524,442.989990234,445.785003662,441.480010986,444.515991211,3.61108723363,1602.03039969,443.815695638
20160525,443.059997559,449.209991455,443.019989014,448.299987793,2.19709251077,981.469195219,446.784793963
20160526,448.299987793,452.450012207,445.190002441,452.408996582,3.5916940034,1615.64386798,449.753882005
20160527,452.408996582,477.0,452.408996582,471.471008301,3.23115554863,1508.8934911,468.365936544
20160531,529.0,544.530029297,510.964996338,531.190002441,4.69040718502,2499.34891228,533.126632348
20160601,530.833984375,541.770019531,485.894989014,535.565002441,4.43321294034,2357.60571469,533.136859579
20160602,535.231018066,539.674987793,531.523010254,537.122009277,5.9517296809,3178.6556451,535.570153848
20160603,536.927978516,576.030029297,536.060974121,569.0,5.76119777599,3241.27129354,561.212517048
20160606,574.073974609,586.29901123,573.353027344,585.0,2.96642212159,1727.21475785,582.231987199
20160607,584.989990234,589.909973145,565.380004883,578.200012207,8.26140847239,4769.40112077,579.608044229
20160608,578.299987793,582.130004883,571.708984375,581.979003906,3.86613603316,2236.85268672,578.14576437
20160609,581.58001709,581.979980469,571.596008301,575.013977051,5.29608355254,3053.66119375,577.655937755
20160610,576.286010742,581.799987793,572.877990723,579.770019531,4.62736089739,2678.6571704,578.095194977
20160613,667.062988281,717.794006348,659.000976562,703.148010254,4.59982885494,3180.15394244,689.284936268
20160614,703.148010254,703.950012207,647.263977051,685.75,6.00481334829,4086.74702272,685.289764404
20160615,683.664978027,697.593994141,671.57800293,693.013977051,3.17432528598,2179.63624777,684.391066174
20160616,696.0,776.708984375,695.570007324,763.007995605,6.19269001578,4608.62397388,741.99747008
20160617,766.658996582,776.0,702.0,750.200012207,5.44012905333,4053.75308737,749.369269769
20160620,765.692016602,768.827026367,725.020019531,735.390014648,5.16536658696,3863.10720726,752.124710408
20160621,733.560974121,735.0,630.20300293,667.783996582,8.41365995399,5696.05011772,680.249966323
20160622,667.724975586,679.853027344,580.0,602.036987305,8.30182583506,5311.30107987,650.310672399
20160623,601.935974121,635.0,551.494018555,627.375,5.4631532815,3239.21566771,594.988834608
20160624,628.343017578,762.239990234,627.590026855,672.20300293,5.46806031591,3642.81515472,663.550041734
20160627,629.999023438,664.07598877,627.0,663.499023438,2.85101098395,1840.0823275,644.872689716
20160628,663.820007324,664.856994629,640.0,647.460021973,3.95797315771,2579.2472836,651.962791443
20160629,649.322021484,649.322021484,615.854003906,643.119018555,4.67151625197,2958.65658936,636.393974218
20160630,638.567016602,675.0,635.0,671.523986816,3.58615894403,2381.72367076,661.382940048
20160701,672.219970703,691.203979492,665.851013184,674.0,4.09074818609,2774.33114083,677.200715787
20160705,678.848022461,683.07800293,659.565979004,669.210021973,2.00193088101,1344.21831298,671.347976718
20160706,669.450012207,681.989990234,666.010009766,677.099975586,2.3423168907,1579.93190631,674.03725712
20160707,678.840026855,681.989990234,610.698974609,640.400024414,5.58968275516,3534.64559235,640.716404523
20160708,640.400024414,671.932983398,634.039978027,671.435974121,3.67511735631,2395.73014127,652.992267647
20160711,652.539978027,663.315002441,645.315002441,650.780029297,2.52061069761,1640.01862649,650.727804367
20160712,650.719970703,675.979980469,647.140014648,666.0,3.00988158117,1996.4483189,661.932374496
20160713,666.0,669.79498291,655.099975586,655.099975586,2.37126313775,1570.45947157,662.866248627
20160714,655.109985352,665.916015625,650.0,662.539978027,2.63624237755,1741.33729218,659.818243408
20160715,662.989990234,668.999023438,660.0,665.799987793,2.61849451255,1741.34249472,665.223122614
20160718,680.299987793,686.0,667.583984375,674.789978027,4.12789484063,2796.6826751,677.942589123
20160719,673.929992676,676.549987793,666.015991211,673.09197998,2.99103286703,2008.27372372,671.655192241
20160720,673.09197998,676.148010254,660.0,666.161010742,4.50127244075,3010.73043747,668.307573068
20160721,667.489990234,669.458984375,658.890991211,665.880004883,2.00979924313,1337.89292522,665.479211056
20160722,665.54901123,668.968994141,644.54498291,651.150024414,3.26712038259,2150.64779229,658.304774433
20160725,661.729980469,664.674987793,651.736022949,651.736022949,2.10164188399,1380.42680033,656.989844677
20160726,653.153015137,659.099975586,642.5,650.0,2.58604688102,1687.95293081,652.461867324
20160727,651.820007324,663.942016602,648.0,656.979003906,2.79065167063,1828.68519227,654.513724941
20160728,656.979003906,661.099975586,651.695983887,656.08001709,1.49858851998,984.158224425,656.586747442
20160729,655.979980469,659.568969727,651.697021484,657.479980469,2.85932524545,1874.56835179,656.438163319
20160801,622.570007324,627.046020508,601.012023926,602.549987793,4.05870068618,2502.69611723,618.295585221
20160802,602.549987793,611.435974121,479.0,525.119995117,7.46564443861,4167.36480868,587.470483787
20160803,529.99798584,572.0,515.270996094,569.820007324,5.41824549913,2944.28140665,548.507689807
20160804,567.57598877,588.999023438,566.156982422,582.682983398,3.41841107695,1977.0411704,577.69134491
20160805,582.679992676,584.409973145,567.40802002,575.640014648,2.20333352375,1265.42791028,575.383865053
20160808,595.5,597.348022461,585.0,591.830993652,3.0030352152,1773.1988226,591.776361906
20160809,591.830993652,592.0,583.200012207,586.219970703,2.30250332928,1353.36758756,587.739635649
20160810,586.307983398,603.143981934,582.0,593.25,3.40996313589,2019.44164355,591.539572093
20160811,590.060974121,599.979980469,588.0,588.010009766,3.65779445802,2169.23565926,593.272753456
20160812,589.369995117,592.187011719,582.510009766,588.320007324,2.46292391048,1445.84208112,586.813384533
20160815,570.559997559,575.0,561.479003906,566.520019531,2.35789859445,1340.89207395,568.942758106
20160816,568.25,587.802978516,565.338012695,579.609985352,3.96690746627,2295.72703848,575.297862134
20160817,579.609985352,581.060974121,569.541015625,573.280029297,2.69284299046,1546.46061372,574.846968778
20160818,573.679016113,579.359985352,570.810974121,575.559997559,2.63748808061,1515.07640673,574.163595528
20160819,572.789978027,577.986999512,572.219970703,572.900024414,2.86453730093,1646.55719952,574.771338942
20160822,581.301025391,592.132019043,579.849975586,584.989990234,2.966025538,1739.54176856,585.071947062
20160823,586.0,588.989990234,580.099975586,583.380004883,2.52812845777,1476.0854511,583.799935081
20160824,584.859985352,587.713012695,579.359985352,582.109008789,1.88795876983,1098.54250887,581.88932191
20160825,580.999023438,582.247009277,569.890014648,576.940002441,4.25809361146,2448.379561,575.25641253
20160826,577.08001709,580.512023926,572.994018555,579.559020996,1.50010264071,866.613260113,577.726584898
20160829,576.044006348,582.010009766,570.471008301,575.492004395,3.36821896897,1943.67515716,577.579600811
20160830,573.552001953,581.700012207,573.416015625,578.960021973,2.19048958354,1265.24861977,577.378934178
20160831,577.239990234,578.83001709,569.41998291,574.200012207,1.07281848815,615.364720037,573.557722333
20160901,574.219970703,575.0,568.234985352,572.0,1.52380932452,871.962329367,572.386889575
20160902,572.0,577.099975586,565.556030273,577.099975586,2.56856265244,1471.73578337,573.695753523
20160906,609.633972168,613.999023438,605.0,612.000976562,1.5530230907,945.797492931,609.460172318
20160907,613.317993164,617.375,606.349975586,617.335021973,3.20212686221,1964.62819428,613.280663756
20160908,617.333007812,635.619995117,615.0,631.119018555,2.30626695911,1443.27677502,625.921524813
20160909,627.083007812,630.075012207,621.249023438,626.099975586,2.08153339862,1300.64196176,624.603581728
20160912,611.29901123,613.541015625,607.153015137,611.106994629,1.51218611473,922.40802603,610.066885683
20160913,611.099975586,616.999023438,607.760986328,615.692993164,2.28014670231,1394.65821277,612.684846577
20160914,615.289001465,616.844970703,610.75,613.971008301,2.12298149159,1302.32123285,613.75112541
20160915,612.5,615.799987793,609.051025391,609.960998535,2.16818499419,1328.12978428,612.66491203
20160916,612.916015625,613.0,606.666992188,607.979980469,1.73321646017,1057.23376003,610.059154142
20160919,612.940002441,614.590026855,605.059020996,609.200012207,1.96556907555,1198.71413199,610.956741575
20160920,611.059020996,612.0,605.560974121,606.5,2.59781079021,1582.68905358,609.238049929
20160921,605.50201416,605.50201416,592.00201416,599.650024414,2.53331955229,1514.74589641,597.778053302
20160922,598.924987793,600.757995605,595.369995117,597.960021973,1.84429528641,1102.26353696,597.5606422
20160923,595.979980469,604.557006836,595.052978516,604.168029785,2.15633943506,1294.71151342,600.227717845
20160926,599.99798584,608.979980469,599.0,608.979980469,3.0321100191,1834.5872778,605.145773339
20160927,608.978027344,609.109008789,600.689025879,606.505004883,3.02426277848,1833.11183959,606.533628063
20160928,606.577026367,607.588989258,601.848999023,604.999023438,1.67187329733,1012.13707813,605.303304527
20160929,604.999023438,609.304016113,604.25,607.369018555,2.25886666163,1371.5993388,606.876583848
20160930,607.367980957,612.5,604.026000977,612.5,2.83552247625,1722.54488746,607.51945591
20161003,611.757995605,613.661010742,609.020019531,613.598022461,3.30967265176,2025.65431958,611.936242392
20161004,613.596984863,613.598022461,608.000976562,612.0,1.7395313623,1062.43630101,610.855290321
20161005,611.99798584,616.091003418,608.939025879,614.955993652,2.79797735887,1717.36982424,613.381066444
20161006,614.999023438,615.96697998,611.257995605,614.99597168,1.54306231267,946.923706933,613.602408031
20161007,611.965026855,623.0,611.351989746,618.528991699,5.25251505445,3242.36812674,617.102304
20161011,617.849975586,645.414978027,616.320007324,643.354980469,3.68633219038,2336.01575699,633.827606827
20161012,640.976013184,643.414978027,633.281982422,634.713012695,2.60089306838,1660.79592625,639.125280272
20161013,636.130004883,639.974975586,630.150024414,634.242980957,2.22165858606,1411.75478625,635.54529383
20161014,634.242980957,643.0,631.685974121,640.609985352,3.42985613347,2192.78777458,639.009910276
20161017,641.520996094,643.54901123,637.799987793,640.976013184,1.66299444394,1064.92489545,640.539736699
20161018,640.989990234,641.099975586,634.101013184,636.969970703,2.21822555389,1414.12303802,637.762476224
20161019,636.507995605,639.635986328,623.734008789,631.5,2.64969367017,1676.5704188,633.439878522
20161020,631.499023438,633.416015625,627.010986328,630.049987793,2.04990167755,1291.61627648,630.616477248
20161021,630.049987793,638.0,630.049987793,634.429992676,2.10902330176,1336.24307746,633.627912374
20161024,655.255004883,657.880004883,645.807006836,652.630004883,3.46624159345,2262.68500976,653.413550146
20161025,652.630004883,664.0,651.989990234,656.0,3.66668152762,2414.30038687,657.869389125
20161026,656.0,679.0,655.302978516,677.317993164,3.49518175897,2336.91296599,667.204749352
20161027,677.317993164,687.843994141,674.62902832,686.79498291,3.26942352403,2230.42287968,682.683935964
20161028,686.788024902,691.783996582,682.851013184,690.0,2.77971109183,1911.7198302,687.626668575
20161031,700.078979492,708.898986816,685.700012207,698.919006348,1.87525009057,1312.67874335,701.609103836
20161101,698.789978027,739.487976074,697.909973145,733.744018555,3.36146759118,2449.37845583,726.451934858
20161102,733.742004395,747.070007324,722.890014648,746.505004883,3.25945298832,2382.74476372,729.813342349
20161103,747.070007324,750.5,673.406982422,692.195007324,4.99588798226,3558.61815537,722.717884437
20161104,691.65802002,709.99798584,682.310974121,704.239013672,3.04849565644,2136.95840236,701.299048535
20161107,715.0,715.413024902,700.159973145,707.344970703,1.85702425146,1312.71805775,707.742870871
20161108,704.142028809,718.299987793,704.142028809,712.5,2.01112095451,1430.22734006,710.717943727
20161109,712.690002441,745.492004395,708.682006836,722.400024414,3.82707067314,2791.85107781,728.140159914
20161110,722.400024414,724.695983887,706.0,714.0,2.31374867712,1653.90021592,715.517590769
20161114,702.700012207,709.0,697.791015625,706.994018555,2.07700660072,1458.42211636,702.934139514
20161115,706.999023438,717.0,706.080993652,711.309997559,1.78348260352,1270.72596053,711.966038167
20161116,710.869995117,744.799987793,709.0,741.606994629,3.58078848356,2620.51819893,728.668872478
20161117,741.606994629,760.814025879,733.299987793,739.088012695,4.9984160993,3728.25809631,745.422733827
20161118,739.08001709,754.0,733.010009766,752.231994629,2.6522253767,1981.38585364,746.641256784
20161121,731.0,741.0,728.33001709,737.690002441,1.53312771907,1128.21509928,735.802520494
20161122,737.690002441,752.614013672,733.83001709,749.760009766,2.76392146159,2056.1067997,743.814018133
20161123,749.760009766,750.0,731.059997559,741.979980469,2.1141568893,1566.57363546,741.869486424
20161125,738.440002441,743.0,730.344970703,742.484985352,1.4827228549,1094.01132898,737.386314668
20161128,729.885009766,736.070983887,728.099975586,734.249023438,1.80392212533,1322.48025277,732.944275978
20161129,733.986999512,735.554992676,728.5,732.0,1.85121075802,1357.0653944,733.058895948
20161130,732.0,743.559020996,731.015014648,742.395996094,2.01976023727,1493.10026646,738.629133208
20161201,742.395996094,754.5,740.890014648,752.489013672,2.14345515735,1606.04798778,749.113412835
20161202,753.999023438,781.976013184,752.632995605,773.502990723,3.36618374232,2587.79935482,769.243425
20161205,769.0,770.0,745.927978516,752.007995605,2.70689748452,2043.86431529,755.4685828
20161206,751.565979004,760.030029297,750.101013184,757.869995117,1.82652920675,1383.32554098,757.312105678
20161207,758.382995605,770.0,753.778991699,765.010986328,1.66623017204,1272.9730624,763.520976542
20161208,765.010986328,779.499023438,762.000976562,768.200012207,1.80236124455,1388.36761809,768.584201666
20161209,768.20300293,774.999023438,767.0,771.668029785,1.96533151293,1517.49463607,771.350573234
20161212,771.325012207,783.263000488,768.702026367,777.79498291,2.03770389307,1585.06987433,777.251669661
20161213,778.073974609,789.0,770.000976562,778.000976562,1.76240668678,1375.99389525,780.147534566
20161214,778.348022461,783.085998535,774.0,777.559020996,1.59306862975,1241.70260358,779.326352318
20161215,777.559020996,781.49798584,776.526000977,778.5,0.920319900851,717.133791978,778.964612424
20161216,778.5,785.979003906,776.0,785.409973145,1.8805774748,1470.36954084,781.249755752
20161219,792.778991699,794.440002441,790.5,791.700012207,1.24680553808,987.51327232,792.288326992
20161220,792.520019531,806.098999023,790.0,801.969970703,1.78143583028,1417.38866853,793.765880968
20161221,801.289978027,830.0,796.473999023,829.999023438,2.7168501358,2226.02104045,815.93911846
20161222,829.999023438,877.994018555,826.020019531,860.184020996,2.80781124231,2407.79039911,857.375772422
20161223,860.17401123,922.929992676,859.010009766,918.010009766,4.44247376652,3988.64657938,900.267054508
20161227,904.609008789,939.0,900.0,933.0,2.4758727405,2294.54919593,922.154064242
20161228,936.934020996,979.989990234,935.349975586,978.000976562,3.733701247,3591.93105407,960.442467317
20161229,978.000976562,982.0,950.0,975.299987793,3.35452312506,3255.2480974,971.866480996
20161230,974.320007324,974.320007324,920.017028809,958.523986816,2.85999162494,2724.07221256,954.450294131
20170103,1019.99700928,1039.8380127,1010.0,1039.44396973,2.06124140832,2108.3140473,1022.32699291
20170104,1038.25,1150.0,997.229980469,1133.97900391,5.08643081556,5567.39325269,1087.4066333
20170105,1133.97900391,1156.90002441,879.010009766,1005.98999023,7.0047190668,7086.24377661,1048.7379443
20170106,1005.98901367,1059.19604492,868.383972168,898.070007324,5.58246775336,5213.14431372,932.673174194
20170109,916.939025879,916.939025879,878.0,905.010009766,2.21987550061,1989.36718418,897.641257481
20170110,905.010009766,916.687011719,898.099975586,909.099975586,2.3832668106,2166.56211757,908.448813511
20170111,909.515991211,924.590026855,765.432006836,784.619995117,11.0711373501,9099.5570919,832.885077682
20170112,789.883972168,837.999023438,756.000976562,806.721008301,4.88456809727,3879.76905501,790.145974904
20170113,808.570007324,839.0,776.809997559,832.900024414,3.75908478344,3047.57158316,813.864380267
20170117,832.806030273,920.0,832.806030273,905.770019531,4.99554566465,4431.98017257,885.06758765
20170118,906.393005371,917.0,852.111022949,892.310974121,4.1834290527,3711.10372894,888.210743887
20170119,892.401977539,909.0,888.0,905.0,3.51200790601,3156.30459414,898.078384228
20170120,905.0,907.104003906,885.0,898.619018555,2.76501036891,2483.72724983,898.199103836
20170123,925.270019531,929.91998291,912.622009277,918.590026855,2.18594528106,2016.57398665,922.015214969
20170124,918.890014648,930.0,882.57598877,887.984985352,4.60345766383,4158.57831028,906.720227757
20170125,885.710021973,903.325012207,885.693969727,896.890014648,2.12051422996,1896.80187652,895.041799333
20170126,896.890014648,921.780029297,895.543029785,915.729980469,2.14044433348,1947.22983546,908.819053581
20170127,915.778015137,925.0,910.0,921.450012207,2.96168439498,2720.13258802,918.647260322
20170130,916.0,925.0,915.0,920.0,2.40914307372,2218.06087056,921.197010033
20170131,919.679992676,974.968994141,919.0,969.739013672,4.3014886742,4089.88501998,948.158594179
20170201,968.166015625,990.0,964.989013672,988.789001465,3.00941791026,2938.99464823,976.823559154
20170202,988.789978027,1013.99102783,975.974975586,1009.99597168,3.65062831996,3643.7812442,996.934256947
20170203,1008.2199707,1037.51904297,981.760986328,1016.29699707,3.96383976297,4015.82680567,1013.73109858
20170206,1015.34997559,1029.91003418,1013.75,1028.61096191,1.60006064202,1639.51880346,1023.85972781
20170207,1027.01000977,1055.0,1023.82299805,1050.99804688,3.11073598225,3248.31749498,1044.32088886
20170208,1054.21398926,1069.91003418,1025.40002441,1055.8380127,4.25316682012,4467.05866749,1053.64894414
20170209,1053.49694824,1079.91003418,940.005981445,988.317993164,7.63727461132,7582.48962914,1013.20310659
20170210,988.280029297,1010.0,948.208007812,1002.72601318,4.12190018219,4031.54858472,979.821636104
20170213,1001.03302002,1010.0,982.010009766,996.390991211,2.63399194814,2624.6468914,998.629872171
20170214,999.028015137,1025.0,992.093994141,1016.47198486,2.44885236289,2475.65950617,1011.05382695
20170215,1015.04998779,1020.0,1001.30200195,1016.82598877,2.12694927517,2156.93681621,1013.61081728
20170216,1015.75,1047.43005371,1015.75,1039.87194824,2.66430213592,2753.65529704,1030.82201148
20170217,1038.50195312,1063.92297363,1035.99804688,1052.06494141,2.86023629264,3002.60625569,1051.79913354
20170221,1088.66003418,1132.7409668,1080.0,1128.45800781,3.27216776627,3611.8404671,1102.82357885
20170222,1125.77099609,1139.99902344,1102.56005859,1121.00097656,3.52801286612,3965.08437824,1123.16367043
20170223,1125.67895508,1193.43005371,1122.09204102,1176.85205078,4.07754283071,4719.01202871,1151.85965553
20170224,1177.80200195,1214.97302246,1056.65795898,1185.0,5.39435604799,6312.86760189,1183.95572403
20170227,1167.0,1196.9909668,1161.97998047,1190.21105957,2.82348702766,3344.68038663,1183.96297669
20170228,1191.82995605,1208.5,1175.8079834,1181.99694824,2.39968167062,2858.38424024,1190.98229619
20170301,1181.99804688,1229.99804688,1177.17895508,1225.0,2.66594957486,3231.84976526,1206.72651808
20170302,1225.0,1282.38500977,1212.42102051,1254.0,3.0754060967,3828.36436776,1240.82705393
20170303,1254.0,1288.0,1235.2779541,1276.99902344,2.99907100736,3795.07184685,1266.39826754
20170306,1268.01000977,1279.91003418,1257.3840332,1275.0,1.51608121114,1930.04090292,1273.22842283
20170307,1274.90405273,1279.90002441,1158.44799805,1224.91699219,5.21299761909,6415.70552396,1245.82868344
20170308,1234.45495605,1238.10998535,1131.34204102,1143.39001465,3.76832619857,4461.6876836,1188.38257767
20170309,1143.38793945,1205.39599609,1105.0,1187.19396973,2.94362401569,3442.57749759,1167.33834737
20170310,1185.2010498,1310.98205566,968.0,1111.81005859,9.25098469724,10576.3332868,1197.89370919
20170313,1224.36901855,1241.0579834,1180.0,1230.0,3.79384745081,4624.37294042,1220.7036262
20170314,1229.9909668,1259.7220459,1218.0,1245.85998535,2.86563068948,3550.21673863,1238.43450546
20170315,1245.67895508,1259.0,1238.50305176,1255.59899902,2.98677683744,3737.97440822,1250.94416362
20170316,1252.90197754,1255.92004395,1025.0,1166.81604004,5.91416273973,7036.87742314,1205.41247463
20170317,1166.81604004,1166.81604004,983.900024414,1030.27905273,6.94955972183,7600.90993022,1104.45522482
20170320,1017.93701172,1039.99804688,902.0,1027.0,3.93103493236,3991.19116897,1021.79786963
20170321,1030.0,1114.99597168,1029.99902344,1110.0,3.88314054728,4185.47757868,1077.40283977
20170322,1110.0,1113.0,975.625976562,1032.01000977,4.20673991444,4381.95260829,1043.75657794
20170323,1030.01000977,1052.63000488,1006.40002441,1024.0300293,3.44962581048,3565.23945502,1033.02160007
20170324,1025.00195312,1033.0,911.229980469,927.166992188,4.70290960235,4581.07571752,982.179047712
20170327,958.729980469,1044.43701172,948.322998047,1039.85095215,3.64008165022,3651.11409788,1001.96332953
20170328,1039.96105957,1067.80004883,1016.12701416,1043.17004395,4.57326367451,4766.30712741,1043.95004782
20170329,1043.25,1060.06005859,1006.89801025,1043.42602539,4.06387750742,4200.7306871,1035.11594776
20170330,1043.43005371,1057.51000977,1022.78997803,1040.0,3.42866846324,3551.58290842,1036.20645756
20170331,1040.00097656,1088.95898438,1040.00097656,1079.7800293,3.71669759215,3952.92515,1059.11269224
20170403,1107.45605469,1161.40002441,1107.22094727,1148.41503906,3.54000241777,4022.81213651,1136.90625533
20170404,1148.42297363,1165.64794922,1125.0,1141.99804688,3.22931377417,3697.79363379,1144.12134396
20170405,1141.99804688,1146.88305664,1112.72900391,1140.13903809,2.37488603303,2684.84421847,1130.65647634
20170406,1140.97900391,1206.79394531,1138.16003418,1191.56005859,3.75831148372,4406.59373685,1171.07436649
20170407,1191.73999023,1205.0,1175.20300293,1191.88000488,1.90785365719,2276.02227329,1192.75607374
20170410,1210.57397461,1219.0,1189.44897461,1211.22998047,1.93417550907,2341.13905393,1211.36149641
20170411,1213.29003906,1234.62194824,1198.0,1223.40100098,1.73517552157,2114.09930746,1217.687139
20170412,1223.49902344,1230.41101074,1210.53503418,1219.14904785,1.94833544997,2378.18709185,1221.19126703
20170413,1218.61499023,1219.5,1151.0,1174.13000488,3.37931161029,4007.01005309,1187.13222
20170414,1175.89904785,1197.99194336,1168.95300293,1187.99902344,2.22291909787,2638.72101388,1186.34699472
20170417,1180.99804688,1210.98596191,1175.0,1197.5,2.30057272203,2741.66911759,1190.22905624
20170418,1200.39794922,1218.0,1197.09997559,1202.23095703,2.57015045022,3105.38962664,1208.18452093
20170419,1202.37805176,1212.56298828,1197.09997559,1209.00305176,2.70649875859,3260.77988456,1204.98075521
20170420,1204.19995117,1249.47802734,1204.19995117,1236.37097168,2.88415328232,3543.63771386,1224.83695068
20170421,1241.20996094,1254.91003418,1236.01000977,1248.99902344,2.444689129,3044.8085413,1244.59686534
20170424,1242.47998047,1259.49597168,1234.0970459,1251.69995117,1.98864045084,2478.59784542,1246.36030766
20170425,1251.69995117,1280.0,1248.42004395,1276.33996582,1.8085877847,2291.08598376,1267.43628541
20170426,1276.33996582,1314.7010498,1269.00097656,1290.52099609,3.18160845609,4120.01199489,1288.73882044
20170427,1290.52001953,1345.46594238,1290.51098633,1333.69995117,3.32990861875,4395.85900734,1317.84650001
20170428,1335.49304199,1355.55004883,1292.14001465,1328.64001465,3.3497436817,4431.92770613,1323.71555038
20170501,1344.60095215,1438.87402344,1325.76000977,1397.24597168,4.49955558445,6223.22248705,1376.94227304
20170502,1397.23706055,1471.56896973,1381.43603516,1454.5,4.33776832994,6209.40406845,1429.95335312
20170503,1455.19104004,1523.77697754,1446.24694824,1514.31896973,4.39829167008,6502.37168716,1475.13312891
20170504,1510.99902344,1618.59997559,1450.0,1534.8470459,6.94182570625,10694.3721783,1540.39950612
20170505,1534.84594727,1597.90100098,1491.33496094,1521.74694824,5.80442078384,8991.59255259,1553.71515122
20170508,1505.16796875,1677.39904785,1485.98205566,1670.05895996,5.12237047136,8138.26583386,1594.23785995
20170509,1668.52502441,1768.68103027,1639.00402832,1721.75805664,5.85495488557,10007.3561682,1710.56815111
20170510,1721.75305176,1794.0,1685.0,1782.00097656,4.01749605187,7022.01854857,1747.35584194
20170511,1782.0,1886.6159668,1753.34899902,1830.0,5.32779456368,9740.9010724,1831.21444617
20170512,1836.05895996,1837.98095703,1639.0,1699.59301758,5.51523465774,9605.23247977,1770.20400676
20170515,1788.04003906,1795.16003418,1699.11999512,1738.00097656,3.87419582177,6728.06766315,1741.69880059
20170516,1738.0,1791.26196289,1701.0,1788.02697754,4.60772624752,8041.22052769,1745.18912387
20170517,1786.84997559,1880.0,1763.4029541,1831.94995117,5.49246148666,10021.3284084,1828.33527181
20170518,1831.9510498,2589.0,1821.07202148,1898.4029541,4.90352759407,9220.35954114,1858.69154844
20170519,1900.99804688,1971.99401855,1851.53503418,1965.37805176,5.48255696098,10558.1825835,1926.4657429
20170522,2011.10595703,2197.19189453,1900.09997559,2093.10595703,6.87343557116,14439.3488807,2104.77882535
20170523,2089.78710938,2249.99804688,2079.25097656,2233.99902344,5.32923760122,11513.4329834,2162.9162017
20170524,2233.99902344,2474.7199707,2231.96606445,2414.40087891,6.66112332153,15596.7033187,2337.20387563
20170525,2413.65600586,2722.23706055,2201.0,2251.20288086,9.97192263735,24853.060933,2525.63365117
20170526,2251.20288086,2573.69311523,2030.0,2203.7109375,7.70965397472,17897.5428414,2359.25170674
20170530,2267.69799805,2315.37988281,2133.0,2159.09692383,5.54411892822,12415.1226714,2250.02031201
20170531,2159.09594727,2170.95507812,2153.4609375,2170.95507812,10.9488489628,23679.9750977,2161.13867188
